0.005  -1.10123  -0.748243  -0.352985
0.015  -1.12603  -0.7638  -0.362233
0.025  -1.1364  -0.780028  -0.356375
0.035  -1.14489  -0.789305  -0.355583
0.045  -1.14104  -0.790963  -0.350074
0.055  -1.14582  -0.798292  -0.347533
0.065  -1.14774  -0.806158  -0.341578
0.075  -1.15927  -0.82178  -0.33749
0.085  -1.16659  -0.837304  -0.329288
0.095  -1.17765  -0.850575  -0.327079
0.105  -1.18347  -0.861021  -0.322449
0.115  -1.19843  -0.877033  -0.321399
0.125  -1.20434  -0.884837  -0.319499
0.135  -1.20603  -0.889653  -0.316374
0.145  -1.19788  -0.885468  -0.312416
0.155  -1.19031  -0.882261  -0.308049
0.165  -1.17043  -0.867194  -0.303237
0.175  -1.15369  -0.853239  -0.300455
0.185  -1.13444  -0.836652  -0.29779
0.195  -1.10668  -0.811065  -0.295614
0.205  -1.08124  -0.788  -0.29324
0.215  -1.04559  -0.755018  -0.290568
0.225  -0.992735  -0.705444  -0.287292
0.235  -0.938742  -0.654924  -0.283818
0.245  -0.886118  -0.60557  -0.280548
0.255  -0.838052  -0.560665  -0.277387
0.265  -0.810024  -0.535849  -0.274174
0.275  -0.78834  -0.517908  -0.270433
0.285  -0.77902  -0.512292  -0.266729
0.295  -0.770542  -0.506213  -0.264329
0.305  -0.76035  -0.498238  -0.262111
0.315  -0.747126  -0.487383  -0.259742
0.325  -0.735688  -0.477837  -0.257851
0.335  -0.7242  -0.468641  -0.255559
0.345  -0.717637  -0.464672  -0.252965
0.355  -0.710543  -0.459518  -0.251026
0.365  -0.703398  -0.455807  -0.247591
0.375  -0.698401  -0.453323  -0.245078
0.385  -0.695699  -0.453178  -0.242521
0.395  -0.692571  -0.452254  -0.240316
0.405  -0.68675  -0.449195  -0.237554
0.415  -0.682498  -0.44625  -0.236248
0.425  -0.669711  -0.436144  -0.233567
0.435  -0.652947  -0.421305  -0.231642
0.445  -0.637444  -0.40838  -0.229064
0.455  -0.627774  -0.401287  -0.226487
0.465  -0.615968  -0.39134  -0.224628
0.475  -0.608469  -0.385694  -0.222774
0.485  -0.606356  -0.384365  -0.221991
0.495  -0.608144  -0.387034  -0.221109
0.505  -0.609176  -0.390183  -0.218993
0.515  -0.608477  -0.391844  -0.216633
0.525  -0.607614  -0.393875  -0.213739
0.535  -0.608293  -0.39723  -0.211063
0.545  -0.60706  -0.397509  -0.209551
0.555  -0.607153  -0.399185  -0.207968
0.565  -0.610812  -0.404877  -0.205935
0.575  -0.612387  -0.408463  -0.203924
0.585  -0.614172  -0.41179  -0.202382
0.595  -0.618355  -0.417439  -0.200916
0.605  -0.616114  -0.416197  -0.199918
0.615  -0.614053  -0.414878  -0.199175
0.625  -0.618489  -0.421237  -0.197252
0.635  -0.620168  -0.424809  -0.19536
0.645  -0.615533  -0.421991  -0.193542
0.655  -0.618147  -0.426963  -0.191184
0.665  -0.622494  -0.432891  -0.189602
0.675  -0.619506  -0.431439  -0.188067
0.685  -0.6206  -0.43432  -0.186281
0.695  -0.6285  -0.444199  -0.184301
0.705  -0.632423  -0.448819  -0.183604
0.715  -0.634857  -0.452273  -0.182584
0.725  -0.639755  -0.457858  -0.181897
0.735  -0.642436  -0.461596  -0.18084
0.745  -0.643934  -0.464612  -0.179322
0.755  -0.646302  -0.46902  -0.177282
0.765  -0.646832  -0.471183  -0.17565
0.775  -0.651231  -0.4764  -0.174831
0.785  -0.651884  -0.478326  -0.173559
0.795  -0.655803  -0.483252  -0.172551
0.805  -0.655614  -0.48366  -0.171954
0.815  -0.65909  -0.488736  -0.170354
0.825  -0.65967  -0.491699  -0.167971
0.835  -0.650111  -0.483301  -0.16681
0.845  -0.639591  -0.474709  -0.164881
0.855  -0.627755  -0.464275  -0.16348
0.865  -0.618288  -0.455928  -0.162359
0.875  -0.603159  -0.442208  -0.160951
0.885  -0.59492  -0.434593  -0.160326
0.895  -0.586451  -0.427396  -0.159055
0.905  -0.57749  -0.420304  -0.157186
0.915  -0.575241  -0.418732  -0.15651
0.925  -0.563971  -0.408475  -0.155496
0.935  -0.562643  -0.408219  -0.154423
0.945  -0.562823  -0.408846  -0.153977
0.955  -0.559276  -0.406028  -0.153248
0.965  -0.556872  -0.404536  -0.152336
0.975  -0.559007  -0.407703  -0.151305
0.985  -0.556669  -0.4064  -0.150268
0.995  -0.556765  -0.407701  -0.149064
1.005  -0.561076  -0.412835  -0.148241
1.015  -0.562311  -0.415234  -0.147077
1.025  -0.563672  -0.417967  -0.145705
1.035  -0.562269  -0.417436  -0.144833
1.045  -0.565575  -0.42178  -0.143795
1.055  -0.570162  -0.427456  -0.142706
1.065  -0.572146  -0.4299  -0.142246
1.075  -0.57726  -0.435476  -0.141785
1.085  -0.578446  -0.437609  -0.140837
1.095  -0.579444  -0.439289  -0.140155
1.105  -0.577194  -0.437509  -0.139685
1.115  -0.576642  -0.438269  -0.138373
1.125  -0.576438  -0.439154  -0.137284
1.135  -0.575872  -0.439711  -0.136162
1.145  -0.574489  -0.438886  -0.135603
1.155  -0.564792  -0.430156  -0.134636
1.165  -0.556924  -0.422815  -0.134109
1.175  -0.559843  -0.426422  -0.133421
1.185  -0.560776  -0.428302  -0.132473
1.195  -0.56148  -0.430182  -0.131298
1.205  -0.564788  -0.434161  -0.130627
1.215  -0.563281  -0.433725  -0.129555
1.225  -0.566552  -0.437379  -0.129174
1.235  -0.572335  -0.443903  -0.128432
1.245  -0.576004  -0.448452  -0.127552
1.255  -0.577871  -0.450485  -0.127385
1.265  -0.577169  -0.450485  -0.126685
1.275  -0.574135  -0.448445  -0.12569
1.285  -0.577553  -0.452876  -0.124677
1.295  -0.581849  -0.458173  -0.123676
1.305  -0.579743  -0.456968  -0.122775
1.315  -0.571209  -0.449467  -0.121741
1.325  -0.564945  -0.443699  -0.121246
1.335  -0.55234  -0.431194  -0.121146
1.345  -0.54328  -0.422928  -0.120352
1.355  -0.531145  -0.411856  -0.119289
1.365  -0.508628  -0.390251  -0.118378
1.375  -0.481828  -0.363888  -0.11794
1.385  -0.455789  -0.338579  -0.11721
1.395  -0.436284  -0.319525  -0.116759
1.405  -0.422021  -0.305669  -0.116351
1.415  -0.405719  -0.290129  -0.11559
1.425  -0.390378  -0.275402  -0.114976
1.435  -0.379378  -0.265027  -0.114351
1.445  -0.371484  -0.258298  -0.113186
1.455  -0.365766  -0.253224  -0.112542
1.465  -0.36055  -0.248906  -0.111644
1.475  -0.353805  -0.242992  -0.110812
1.485  -0.34881  -0.238908  -0.109903
1.495  -0.35249  -0.243185  -0.109305
1.505  -0.351001  -0.242464  -0.108538
1.515  -0.348867  -0.240526  -0.108341
1.525  -0.34905  -0.241189  -0.107861
1.535  -0.347397  -0.240089  -0.107308
1.545  -0.345713  -0.238642  -0.107071
1.555  -0.346465  -0.240191  -0.106274
1.565  -0.343995  -0.238139  -0.105856
1.575  -0.342086  -0.236375  -0.105711
1.585  -0.343864  -0.23894  -0.104925
1.595  -0.34375  -0.239632  -0.104119
1.605  -0.343081  -0.238874  -0.104207
1.615  -0.336772  -0.232939  -0.103833
1.625  -0.330154  -0.227029  -0.103125
1.635  -0.329491  -0.226768  -0.102723
1.645  -0.329924  -0.22791  -0.102014
1.655  -0.327219  -0.225908  -0.10131
1.665  -0.324797  -0.224067  -0.10073
1.675  -0.325446  -0.224837  -0.10061
1.685  -0.323567  -0.223672  -0.099895
1.695  -0.322254  -0.222821  -0.0994328
1.705  -0.32085  -0.221832  -0.0990181
1.715  -0.319132  -0.220748  -0.0983836
1.725  -0.317478  -0.219694  -0.0977841
1.735  -0.314792  -0.217211  -0.0975818
1.745  -0.309093  -0.211734  -0.0973585
1.755  -0.308394  -0.211508  -0.0968862
1.765  -0.30914  -0.212667  -0.0964729
1.775  -0.307425  -0.211942  -0.0954825
1.785  -0.307019  -0.212306  -0.0947122
1.795  -0.304462  -0.210346  -0.0941162
1.805  -0.298968  -0.205788  -0.0931802
1.815  -0.298151  -0.205448  -0.0927021
1.825  -0.294759  -0.202547  -0.0922118
1.835  -0.292792  -0.201355  -0.0914372
1.845  -0.291613  -0.200595  -0.0910184
1.855  -0.290468  -0.200094  -0.0903738
1.865  -0.286426  -0.196283  -0.0901429
1.875  -0.282693  -0.193219  -0.0894741
1.885  -0.279873  -0.190926  -0.0889465
1.895  -0.282118  -0.193427  -0.0886912
1.905  -0.276936  -0.18882  -0.0881154
1.915  -0.271241  -0.183543  -0.0876983
1.925  -0.272228  -0.185071  -0.0871569
1.935  -0.270001  -0.18349  -0.0865106
1.945  -0.267174  -0.18136  -0.0858138
1.955  -0.265016  -0.180059  -0.0849565
1.965  -0.266415  -0.182198  -0.084217
1.975  -0.264405  -0.180741  -0.083664
1.985  -0.263573  -0.180743  -0.0828297
1.995  -0.259884  -0.177831  -0.082053
2.005  -0.256076  -0.174421  -0.0816546
2.015  -0.254419  -0.173361  -0.0810582
2.025  -0.256372  -0.175905  -0.0804672
2.035  -0.255757  -0.17568  -0.0800772
2.045  -0.253487  -0.174087  -0.0793998
2.055  -0.251907  -0.173262  -0.0786441
2.065  -0.246103  -0.167832  -0.0782712
2.075  -0.245894  -0.168271  -0.0776234
2.085  -0.243923  -0.16695  -0.0769738
2.095  -0.235903  -0.159027  -0.0768759
2.105  -0.225695  -0.149299  -0.0763961
2.115  -0.220175  -0.1442  -0.0759756
2.125  -0.212459  -0.137013  -0.0754456
2.135  -0.203494  -0.128398  -0.0750957
2.145  -0.197274  -0.123232  -0.074042
2.155  -0.186039  -0.112473  -0.0735655
2.165  -0.175491  -0.102275  -0.0732157
2.175  -0.164457  -0.0914471  -0.0730096
2.185  -0.154363  -0.0815449  -0.0728183
2.195  -0.144506  -0.072042  -0.0724637
2.205  -0.13699  -0.0647782  -0.0722119
2.215  -0.127214  -0.055254  -0.0719597
2.225  -0.117399  -0.0459227  -0.0714768
2.235  -0.109818  -0.0387504  -0.0710679
2.245  -0.105482  -0.0348835  -0.0705987
2.255  -0.0982979  -0.0278901  -0.0704078
2.265  -0.0908257  -0.0208698  -0.0699559
2.275  -0.0833136  -0.0136266  -0.069687
2.285  -0.0801471  -0.0107691  -0.069378
2.295  -0.0774281  -0.00869556  -0.0687325
2.305  -0.0749572  -0.0067036  -0.0682536
2.315  -0.0727905  -0.00500858  -0.0677819
2.325  -0.0710162  -0.00376478  -0.0672514
2.335  -0.069936  -0.00298753  -0.0669484
2.345  -0.0690607  -0.00235504  -0.0667057
2.355  -0.0678139  -0.00125843  -0.0665555
2.365  -0.0672789  -0.000593653  -0.0666852
2.375  -0.0665464  -4.55941e-05  -0.0665008
2.385  -0.0663033  0  -0.0663033
2.395  -0.0657241  0  -0.0657241
2.405  -0.0651256  0  -0.0651256
2.415  -0.0647004  0  -0.0647004
2.425  -0.0644133  0  -0.0644133
2.435  -0.0638752  0  -0.0638752
2.445  -0.0634472  0  -0.0634472
2.455  -0.0634303  0  -0.0634303
2.465  -0.0631848  0  -0.0631848
2.475  -0.0627032  0  -0.0627032
2.485  -0.0627817  0  -0.0627817
2.495  -0.0628555  0  -0.0628555
2.505  -0.0625195  0  -0.0625195
2.515  -0.062068  0  -0.062068
2.525  -0.061794  0  -0.061794
2.535  -0.0614696  0  -0.0614696
2.545  -0.0609837  0  -0.0609837
2.555  -0.0605664  0  -0.0605664
2.565  -0.0600057  0  -0.0600057
2.575  -0.0598003  0  -0.0598003
2.585  -0.0594169  0  -0.0594169
2.595  -0.0587956  0  -0.0587956
2.605  -0.058391  0  -0.058391
2.615  -0.0580521  0  -0.0580521
2.625  -0.0576688  0  -0.0576688
2.635  -0.0572935  0  -0.0572935
2.645  -0.0571611  0  -0.0571611
2.655  -0.0570041  0  -0.0570041
2.665  -0.0572462  0  -0.0572462
2.675  -0.0569174  0  -0.0569174
2.685  -0.0566048  0  -0.0566048
2.695  -0.0564076  0  -0.0564076
2.705  -0.056174  0  -0.056174
2.715  -0.0557957  0  -0.0557957
2.725  -0.0553843  0  -0.0553843
2.735  -0.0553141  0  -0.0553141
2.745  -0.0551532  0  -0.0551532
2.755  -0.0551603  0  -0.0551603
2.765  -0.0547008  0  -0.0547008
2.775  -0.0543666  0  -0.0543666
2.785  -0.0539413  0  -0.0539413
2.795  -0.0534566  0  -0.0534566
2.805  -0.053238  0  -0.053238
2.815  -0.0530692  0  -0.0530692
2.825  -0.0528394  0  -0.0528394
2.835  -0.0525617  0  -0.0525617
2.845  -0.052573  0  -0.052573
2.855  -0.0524426  0  -0.0524426
2.865  -0.0519957  0  -0.0519957
2.875  -0.0517402  0  -0.0517402
2.885  -0.0513935  0  -0.0513935
2.895  -0.0510738  0  -0.0510738
2.905  -0.0508658  0  -0.0508658
2.915  -0.0506337  0  -0.0506337
2.925  -0.0503518  0  -0.0503518
2.935  -0.0501038  0  -0.0501038
2.945  -0.0501797  0  -0.0501797
2.955  -0.0499083  0  -0.0499083
2.965  -0.0497469  0  -0.0497469
2.975  -0.049402  0  -0.049402
2.985  -0.0491931  0  -0.0491931
2.995  -0.0489727  0  -0.0489727
3.005  -0.0485264  0  -0.0485264
3.015  -0.0480213  0  -0.0480213
3.025  -0.0477087  0  -0.0477087
3.035  -0.0474934  0  -0.0474934
3.045  -0.0473307  0  -0.0473307
3.055  -0.0469209  0  -0.0469209
3.065  -0.0466895  0  -0.0466895
3.075  -0.046366  0  -0.046366
3.085  -0.046022  0  -0.046022
3.095  -0.0455679  0  -0.0455679
3.105  -0.0451513  0  -0.0451513
3.115  -0.0448813  0  -0.0448813
3.125  -0.0443923  0  -0.0443923
3.135  -0.0441116  0  -0.0441116
3.145  -0.0438236  0  -0.0438236
3.155  -0.0436991  0  -0.0436991
3.165  -0.0435051  0  -0.0435051
3.175  -0.0432157  0  -0.0432157
3.185  -0.0431204  0  -0.0431204
3.195  -0.0430497  0  -0.0430497
3.205  -0.0429134  0  -0.0429134
3.215  -0.0425763  0  -0.0425763
3.225  -0.0421498  0  -0.0421498
3.235  -0.0419384  0  -0.0419384
3.245  -0.0418916  0  -0.0418916
3.255  -0.0414609  0  -0.0414609
3.265  -0.0412661  0  -0.0412661
3.275  -0.0411332  0  -0.0411332
3.285  -0.0406912  0  -0.0406912
3.295  -0.0404354  0  -0.0404354
3.305  -0.0401477  0  -0.0401477
3.315  -0.0399867  0  -0.0399867
3.325  -0.0395499  0  -0.0395499
3.335  -0.0392371  0  -0.0392371
3.345  -0.0390016  0  -0.0390016
3.355  -0.0388034  0  -0.0388034
3.365  -0.0386151  0  -0.0386151
3.375  -0.0384557  0  -0.0384557
3.385  -0.0383484  0  -0.0383484
3.395  -0.0383073  0  -0.0383073
3.405  -0.0383592  0  -0.0383592
3.415  -0.0383433  0  -0.0383433
3.425  -0.0382324  0  -0.0382324
3.435  -0.0378511  0  -0.0378511
3.445  -0.0377689  0  -0.0377689
3.455  -0.0375423  0  -0.0375423
3.465  -0.03719  0  -0.03719
3.475  -0.0368639  0  -0.0368639
3.485  -0.0365356  0  -0.0365356
3.495  -0.0362819  0  -0.0362819
3.505  -0.0362113  0  -0.0362113
3.515  -0.036163  0  -0.036163
3.525  -0.0361261  0  -0.0361261
3.535  -0.0360965  0  -0.0360965
3.545  -0.0359961  0  -0.0359961
3.555  -0.0360938  0  -0.0360938
3.565  -0.0358976  0  -0.0358976
3.575  -0.0357123  0  -0.0357123
3.585  -0.0352784  0  -0.0352784
3.595  -0.0351277  0  -0.0351277
3.605  -0.0350003  0  -0.0350003
3.615  -0.0347082  0  -0.0347082
3.625  -0.0346507  0  -0.0346507
3.635  -0.0343353  0  -0.0343353
3.645  -0.0341883  0  -0.0341883
3.655  -0.0342829  0  -0.0342829
3.665  -0.0342603  0  -0.0342603
3.675  -0.0342425  0  -0.0342425
3.685  -0.0342702  0  -0.0342702
3.695  -0.0340429  0  -0.0340429
3.705  -0.0338944  0  -0.0338944
3.715  -0.0336073  0  -0.0336073
3.725  -0.033375  0  -0.033375
3.735  -0.0332078  0  -0.0332078
3.745  -0.0330907  0  -0.0330907
3.755  -0.0328238  0  -0.0328238
3.765  -0.0327167  0  -0.0327167
3.775  -0.032666  0  -0.032666
3.785  -0.0324946  0  -0.0324946
3.795  -0.032379  0  -0.032379
3.805  -0.0322457  0  -0.0322457
3.815  -0.0321899  0  -0.0321899
3.825  -0.0320342  0  -0.0320342
3.835  -0.0318907  0  -0.0318907
3.845  -0.031714  0  -0.031714
3.855  -0.0316275  0  -0.0316275
3.865  -0.0314031  0  -0.0314031
3.875  -0.0312475  0  -0.0312475
3.885  -0.0309816  0  -0.0309816
3.895  -0.0308971  0  -0.0308971
3.905  -0.0307255  0  -0.0307255
3.915  -0.0305868  0  -0.0305868
3.925  -0.0302473  0  -0.0302473
3.935  -0.0299862  0  -0.0299862
3.945  -0.0297162  0  -0.0297162
3.955  -0.0296579  0  -0.0296579
3.965  -0.0295583  0  -0.0295583
3.975  -0.0293509  0  -0.0293509
3.985  -0.0292679  0  -0.0292679
3.995  -0.0291495  0  -0.0291495
4.005  -0.0290736  0  -0.0290736
4.015  -0.0287778  0  -0.0287778
4.025  -0.0286623  0  -0.0286623
4.035  -0.028444  0  -0.028444
4.045  -0.0282359  0  -0.0282359
4.055  -0.0281306  0  -0.0281306
4.065  -0.0280231  0  -0.0280231
4.075  -0.027716  0  -0.027716
4.085  -0.0273171  0  -0.0273171
4.095  -0.0270675  0  -0.0270675
4.105  -0.0269861  0  -0.0269861
4.115  -0.0266944  0  -0.0266944
4.125  -0.0263024  0  -0.0263024
4.135  -0.0261092  0  -0.0261092
4.145  -0.0260943  0  -0.0260943
4.155  -0.026024  0  -0.026024
4.165  -0.0257115  0  -0.0257115
4.175  -0.0253356  0  -0.0253356
4.185  -0.0251686  0  -0.0251686
4.195  -0.0250572  0  -0.0250572
4.205  -0.0248675  0  -0.0248675
4.215  -0.0245667  0  -0.0245667
4.225  -0.0242646  0  -0.0242646
4.235  -0.0240202  0  -0.0240202
4.245  -0.0238035  0  -0.0238035
4.255  -0.0233607  0  -0.0233607
4.265  -0.0228888  0  -0.0228888
4.275  -0.0225275  0  -0.0225275
4.285  -0.022141  0  -0.022141
4.295  -0.0217642  0  -0.0217642
4.305  -0.0213548  0  -0.0213548
4.315  -0.0210283  0  -0.0210283
4.325  -0.0205475  0  -0.0205475
4.335  -0.0202004  0  -0.0202004
4.345  -0.0199183  0  -0.0199183
4.355  -0.0195189  0  -0.0195189
4.365  -0.0191687  0  -0.0191687
4.375  -0.0187408  0  -0.0187408
4.385  -0.0184537  0  -0.0184537
4.395  -0.0181893  0  -0.0181893
4.405  -0.0178202  0  -0.0178202
4.415  -0.0176726  0  -0.0176726
4.425  -0.0173927  0  -0.0173927
4.435  -0.0169961  0  -0.0169961
4.445  -0.0164047  0  -0.0164047
4.455  -0.0159041  0  -0.0159041
4.465  -0.0153312  0  -0.0153312
4.475  -0.0149667  0  -0.0149667
4.485  -0.014476  0  -0.014476
4.495  -0.0140727  0  -0.0140727
4.505  -0.0138721  0  -0.0138721
4.515  -0.0136562  0  -0.0136562
4.525  -0.0133153  0  -0.0133153
4.535  -0.0129606  0  -0.0129606
4.545  -0.0126547  0  -0.0126547
4.555  -0.0120363  0  -0.0120363
4.565  -0.0117267  0  -0.0117267
4.575  -0.0111699  0  -0.0111699
4.585  -0.0105873  0  -0.0105873
4.595  -0.0100966  0  -0.0100966
4.605  -0.00964697  0  -0.00964697
4.615  -0.00931558  0  -0.00931558
4.625  -0.00893168  0  -0.00893168
4.635  -0.00850463  0  -0.00850463
4.645  -0.00818401  0  -0.00818401
4.655  -0.00797725  0  -0.00797725
4.665  -0.00757004  0  -0.00757004
4.675  -0.00712838  0  -0.00712838
4.685  -0.00674856  0  -0.00674856
4.695  -0.0064078  0  -0.0064078
4.705  -0.00615871  0  -0.00615871
4.715  -0.00584225  0  -0.00584225
4.725  -0.00560548  0  -0.00560548
4.735  -0.00520002  0  -0.00520002
4.745  -0.00504066  0  -0.00504066
4.755  -0.00474429  0  -0.00474429
4.765  -0.00455403  0  -0.00455403
4.775  -0.0043869  0  -0.0043869
4.785  -0.00430528  0  -0.00430528
4.795  -0.00403156  0  -0.00403156
4.805  -0.00381878  0  -0.00381878
4.815  -0.00366085  0  -0.00366085
4.825  -0.00345177  0  -0.00345177
4.835  -0.00322055  0  -0.00322055
4.845  -0.00307385  0  -0.00307385
4.855  -0.00291219  0  -0.00291219
4.865  -0.00279007  0  -0.00279007
4.875  -0.00264146  0  -0.00264146
4.885  -0.002515  0  -0.002515
4.895  -0.00229966  0  -0.00229966
4.905  -0.00211015  0  -0.00211015
4.915  -0.00198589  0  -0.00198589
4.925  -0.00185696  0  -0.00185696
4.935  -0.00174995  0  -0.00174995
4.945  -0.00172959  0  -0.00172959
4.955  -0.00164024  0  -0.00164024
4.965  -0.0015204  0  -0.0015204
4.975  -0.0013768  0  -0.0013768
4.985  -0.0012664  0  -0.0012664
4.995  -0.00119498  0  -0.00119498
5.005  -0.00115918  0  -0.00115918
5.015  -0.00112737  0  -0.00112737
5.025  -0.00106518  0  -0.00106518
5.035  -0.00105048  0  -0.00105048
5.045  -0.000888501  0  -0.000888501
5.055  -0.00087124  0  -0.00087124
5.065  -0.000774302  0  -0.000774302
5.075  -0.000685323  0  -0.000685323
5.085  -0.000651824  0  -0.000651824
5.095  -0.000653777  0  -0.000653777
5.105  -0.000614952  0  -0.000614952
5.115  -0.00054378  0  -0.00054378
5.125  -0.000449091  0  -0.000449091
5.135  -0.000383683  0  -0.000383683
5.145  -0.000362926  0  -0.000362926
5.155  -0.000310372  0  -0.000310372
5.165  -0.000260392  0  -0.000260392
5.175  -0.00025658  0  -0.00025658
5.185  -0.000233354  0  -0.000233354
5.195  -0.000221062  0  -0.000221062
5.205  -0.000201585  0  -0.000201585
5.215  -0.000182155  0  -0.000182155
5.225  -0.000145962  0  -0.000145962
5.235  -0.000133061  0  -0.000133061
5.245  -0.000133706  0  -0.000133706
5.255  -0.000136666  0  -0.000136666
5.265  -9.3179e-05  0  -9.3179e-05
5.275  -7.3572e-05  0  -7.3572e-05
5.285  -9.33928e-05  0  -9.33928e-05
5.295  -6.77247e-05  0  -6.77247e-05
5.305  -4.72445e-05  0  -4.72445e-05
5.315  -4.01922e-05  0  -4.01922e-05
5.325  -3.38646e-05  0  -3.38646e-05
5.335  -2.74092e-05  0  -2.74092e-05
5.345  -1.70305e-05  0  -1.70305e-05
5.355  -2.54603e-05  0  -2.54603e-05
5.365  -3.21004e-05  0  -3.21004e-05
5.375  -2.50247e-05  0  -2.50247e-05
5.385  -2.00166e-05  0  -2.00166e-05
5.395  -1.99884e-05  0  -1.99884e-05
5.405  -1.99884e-05  0  -1.99884e-05
5.415  -1.99884e-05  0  -1.99884e-05
5.425  -1.31542e-05  0  -1.31542e-05
5.435  -1.11745e-05  0  -1.11745e-05
5.445  -1.11732e-05  0  -1.11732e-05
5.455  -1.11681e-05  0  -1.11681e-05
5.465  -1.57804e-06  0  -1.57804e-06
5.475  -1.79941e-05  0  -1.79941e-05
5.485  -4.13226e-06  0  -4.13226e-06
5.495  -6.40961e-06  0  -6.40961e-06
5.505  -7.68476e-06  0  -7.68476e-06
5.515  -7.67252e-06  0  -7.67252e-06
5.525  -7.66965e-06  0  -7.66965e-06
5.535  -5.49522e-06  0  -5.49522e-06
5.545  -5.62716e-06  0  -5.62716e-06
5.555  -6.64075e-06  0  -6.64075e-06
5.565  -8.34624e-06  0  -8.34624e-06
5.575  0  0  0
5.585  0  0  0
5.595  0  0  0
5.605  0  0  0
5.615  0  0  0
5.625  0  0  0
5.635  0  0  0
5.645  0  0  0
5.655  0  0  0
5.665  0  0  0
5.675  0  0  0
5.685  0  0  0
5.695  0  0  0
5.705  0  0  0
5.715  0  0  0
5.725  0  0  0
5.735  0  0  0
5.745  0  0  0
5.755  0  0  0
5.765  0  0  0
5.775  0  0  0
5.785  0  0  0
5.795  0  0  0
5.805  0  0  0
5.815  0  0  0
5.825  0  0  0
5.835  0  0  0
5.845  0  0  0
5.855  0  0  0
5.865  0  0  0
5.875  0  0  0
5.885  0  0  0
5.895  0  0  0
5.905  0  0  0
5.915  0  0  0
5.925  0  0  0
5.935  0  0  0
5.945  0  0  0
5.955  0  0  0
5.965  0  0  0
5.975  0  0  0
5.985  0  0  0
5.995  0  0  0
6.005  0  0  0
6.015  0  0  0
6.025  0  0  0
6.035  0  0  0
6.045  0  0  0
6.055  0  0  0
6.065  0  0  0
6.075  0  0  0
6.085  0  0  0
6.095  0  0  0
6.105  0  0  0
6.115  0  0  0
6.125  0  0  0
6.135  0  0  0
6.145  0  0  0
6.155  0  0  0
6.165  0  0  0
6.175  0  0  0
6.185  0  0  0
6.195  0  0  0
6.205  0  0  0
6.215  0  0  0
6.225  0  0  0
6.235  0  0  0
6.245  0  0  0
6.255  0  0  0
6.265  0  0  0
6.275  0  0  0
6.285  0  0  0
6.295  0  0  0
6.305  0  0  0
6.315  0  0  0
6.325  0  0  0
6.335  0  0  0
6.345  0  0  0
6.355  0  0  0
6.365  0  0  0
6.375  0  0  0
6.385  0  0  0
6.395  0  0  0
6.405  0  0  0
6.415  0  0  0
6.425  0  0  0
6.435  0  0  0
6.445  0  0  0
6.455  0  0  0
6.465  0  0  0
6.475  0  0  0
6.485  0  0  0
6.495  0  0  0
6.505  0  0  0
6.515  0  0  0
6.525  0  0  0
6.535  0  0  0
6.545  0  0  0
6.555  0  0  0
6.565  0  0  0
6.575  0  0  0
6.585  0  0  0
6.595  0  0  0
6.605  0  0  0
6.615  0  0  0
6.625  0  0  0
6.635  0  0  0
6.645  0  0  0
6.655  0  0  0
6.665  0  0  0
6.675  0  0  0
6.685  0  0  0
6.695  0  0  0
6.705  0  0  0
6.715  0  0  0
6.725  0  0  0
6.735  0  0  0
6.745  0  0  0
6.755  0  0  0
6.765  0  0  0
6.775  0  0  0
6.785  0  0  0
6.795  0  0  0
6.805  0  0  0
6.815  0  0  0
6.825  0  0  0
6.835  0  0  0
6.845  0  0  0
6.855  0  0  0
6.865  0  0  0
6.875  0  0  0
6.885  0  0  0
6.895  0  0  0
6.905  0  0  0
6.915  0  0  0
6.925  0  0  0
6.935  0  0  0
6.945  0  0  0
6.955  0  0  0
6.965  0  0  0
6.975  0  0  0
6.985  0  0  0
6.995  0  0  0
7.005  0  0  0
7.015  0  0  0
7.025  0  0  0
7.035  0  0  0
7.045  0  0  0
7.055  0  0  0
7.065  0  0  0
7.075  0  0  0
7.085  0  0  0
7.095  0  0  0
7.105  0  0  0
7.115  0  0  0
7.125  0  0  0
7.135  0  0  0
7.145  0  0  0
7.155  0  0  0
7.165  0  0  0
7.175  0  0  0
7.185  0  0  0
7.195  0  0  0
7.205  0  0  0
7.215  0  0  0
7.225  0  0  0
7.235  0  0  0
7.245  0  0  0
7.255  0  0  0
7.265  0  0  0
7.275  0  0  0
7.285  0  0  0
7.295  0  0  0
7.305  0  0  0
7.315  0  0  0
7.325  0  0  0
7.335  0  0  0
7.345  0  0  0
7.355  0  0  0
7.365  0  0  0
7.375  0  0  0
7.385  0  0  0
7.395  0  0  0
7.405  0  0  0
7.415  0  0  0
7.425  0  0  0
7.435  0  0  0
7.445  0  0  0
7.455  0  0  0
7.465  0  0  0
7.475  0  0  0
7.485  0  0  0
7.495  0  0  0
7.505  0  0  0
7.515  0  0  0
7.525  0  0  0
7.535  0  0  0
7.545  0  0  0
7.555  0  0  0
7.565  0  0  0
7.575  0  0  0
7.585  0  0  0
7.595  0  0  0
7.605  0  0  0
7.615  0  0  0
7.625  0  0  0
7.635  0  0  0
7.645  0  0  0
7.655  0  0  0
7.665  0  0  0
7.675  0  0  0
7.685  0  0  0
7.695  0  0  0
7.705  0  0  0
7.715  0  0  0
7.725  0  0  0
7.735  0  0  0
7.745  0  0  0
7.755  0  0  0
7.765  0  0  0
7.775  0  0  0
7.785  0  0  0
7.795  0  0  0
7.805  0  0  0
7.815  0  0  0
7.825  0  0  0
7.835  0  0  0
7.845  0  0  0
7.855  0  0  0
7.865  0  0  0
7.875  0  0  0
7.885  0  0  0
7.895  0  0  0
7.905  0  0  0
7.915  0  0  0
7.925  0  0  0
7.935  0  0  0
7.945  0  0  0
7.955  0  0  0
7.965  0  0  0
7.975  0  0  0
7.985  0  0  0
7.995  0  0  0
8.005  0  0  0
8.015  0  0  0
8.025  0  0  0
8.035  0  0  0
8.045  0  0  0
8.055  0  0  0
8.065  0  0  0
8.075  0  0  0
8.085  0  0  0
8.095  0  0  0
8.105  0  0  0
8.115  0  0  0
8.125  0  0  0
8.135  0  0  0
8.145  0  0  0
8.155  0  0  0
8.165  0  0  0
8.175  0  0  0
8.185  0  0  0
8.195  0  0  0
8.205  0  0  0
8.215  0  0  0
8.225  0  0  0
8.235  0  0  0
8.245  0  0  0
8.255  0  0  0
8.265  0  0  0
8.275  0  0  0
8.285  0  0  0
8.295  0  0  0
8.305  0  0  0
8.315  0  0  0
8.325  0  0  0
8.335  0  0  0
8.345  0  0  0
8.355  0  0  0
8.365  0  0  0
8.375  0  0  0
8.385  0  0  0
8.395  0  0  0
8.405  0  0  0
8.415  0  0  0
8.425  0  0  0
8.435  0  0  0
8.445  0  0  0
8.455  0  0  0
8.465  0  0  0
8.475  0  0  0
8.485  0  0  0
8.495  0  0  0
8.505  0  0  0
8.515  0  0  0
8.525  0  0  0
8.535  0  0  0
8.545  0  0  0
8.555  0  0  0
8.565  0  0  0
8.575  0  0  0
8.585  0  0  0
8.595  0  0  0
8.605  0  0  0
8.615  0  0  0
8.625  0  0  0
8.635  0  0  0
8.645  0  0  0
8.655  0  0  0
8.665  0  0  0
8.675  0  0  0
8.685  0  0  0
8.695  0  0  0
8.705  0  0  0
8.715  0  0  0
8.725  0  0  0
8.735  0  0  0
8.745  0  0  0
8.755  0  0  0
8.765  0  0  0
8.775  0  0  0
8.785  0  0  0
8.795  0  0  0
8.805  0  0  0
8.815  0  0  0
8.825  0  0  0
8.835  0  0  0
8.845  0  0  0
8.855  0  0  0
8.865  0  0  0
8.875  0  0  0
8.885  0  0  0
8.895  0  0  0
8.905  0  0  0
8.915  0  0  0
8.925  0  0  0
8.935  0  0  0
8.945  0  0  0
8.955  0  0  0
8.965  0  0  0
8.975  0  0  0
8.985  0  0  0
8.995  0  0  0
9.005  0  0  0
9.015  0  0  0
9.025  0  0  0
9.035  0  0  0
9.045  0  0  0
9.055  0  0  0
9.065  0  0  0
9.075  0  0  0
9.085  0  0  0
9.095  0  0  0
9.105  0  0  0
9.115  0  0  0
9.125  0  0  0
9.135  0  0  0
9.145  0  0  0
9.155  0  0  0
9.165  0  0  0
9.175  0  0  0
9.185  0  0  0
9.195  0  0  0
9.205  0  0  0
9.215  0  0  0
9.225  0  0  0
9.235  0  0  0
9.245  0  0  0
9.255  0  0  0
9.265  0  0  0
9.275  0  0  0
9.285  0  0  0
9.295  0  0  0
9.305  0  0  0
9.315  0  0  0
9.325  0  0  0
9.335  0  0  0
9.345  0  0  0
9.355  0  0  0
9.365  0  0  0
9.375  0  0  0
9.385  0  0  0
9.395  0  0  0
9.405  0  0  0
9.415  0  0  0
9.425  0  0  0
9.435  0  0  0
9.445  0  0  0
9.455  0  0  0
9.465  0  0  0
9.475  0  0  0
9.485  0  0  0
9.495  0  0  0
9.505  0  0  0
9.515  0  0  0
9.525  0  0  0
9.535  0  0  0
9.545  0  0  0
9.555  0  0  0
9.565  0  0  0
9.575  0  0  0
9.585  0  0  0
9.595  0  0  0
9.605  0  0  0
9.615  0  0  0
9.625  0  0  0
9.635  0  0  0
9.645  0  0  0
9.655  0  0  0
9.665  0  0  0
9.675  0  0  0
9.685  0  0  0
9.695  0  0  0
9.705  0  0  0
9.715  0  0  0
9.725  0  0  0
9.735  0  0  0
9.745  0  0  0
9.755  0  0  0
9.765  0  0  0
9.775  0  0  0
9.785  0  0  0
9.795  0  0  0
9.805  0  0  0
9.815  0  0  0
9.825  0  0  0
9.835  0  0  0
9.845  0  0  0
9.855  0  0  0
9.865  0  0  0
9.875  0  0  0
9.885  0  0  0
9.895  0  0  0
9.905  0  0  0
9.915  0  0  0
9.925  0  0  0
9.935  0  0  0
9.945  0  0  0
9.955  0  0  0
9.965  0  0  0
9.975  0  0  0
9.985  0  0  0
9.995  0  0  0
