0.005  -0.575919  -0.409394  -0.166525
0.015  -0.625258  -0.455626  -0.169632
0.025  -0.704514  -0.543282  -0.161232
0.035  -0.819039  -0.659559  -0.159481
0.045  -0.89043  -0.736401  -0.154029
0.055  -0.830751  -0.67856  -0.15219
0.065  -0.688055  -0.539297  -0.148758
0.075  -0.573097  -0.425175  -0.147922
0.085  -0.591404  -0.444768  -0.146636
0.095  -0.617261  -0.47229  -0.144972
0.105  -0.623302  -0.479673  -0.143629
0.115  -0.686057  -0.544006  -0.142052
0.125  -0.751876  -0.610743  -0.141133
0.135  -0.729876  -0.591025  -0.13885
0.145  -0.648425  -0.510993  -0.137432
0.155  -0.603947  -0.468277  -0.13567
0.165  -0.591863  -0.458874  -0.132989
0.175  -0.583712  -0.452283  -0.131428
0.185  -0.65009  -0.519951  -0.130139
0.195  -0.639102  -0.511178  -0.127924
0.205  -0.653175  -0.525237  -0.127938
0.215  -0.666339  -0.538941  -0.127398
0.225  -0.766897  -0.640248  -0.12665
0.235  -0.7812  -0.656057  -0.125143
0.245  -0.800557  -0.677179  -0.123378
0.255  -0.883541  -0.761155  -0.122386
0.265  -0.832355  -0.710862  -0.121493
0.275  -0.843732  -0.722304  -0.121428
0.285  -0.739622  -0.618895  -0.120726
0.295  -0.647147  -0.527008  -0.120139
0.305  -0.55558  -0.435998  -0.119582
0.315  -0.533465  -0.414734  -0.118731
0.325  -0.504237  -0.385947  -0.118291
0.335  -0.442965  -0.324807  -0.118158
0.345  -0.442176  -0.32542  -0.116756
0.355  -0.448417  -0.332818  -0.115598
0.365  -0.427626  -0.312224  -0.115402
0.375  -0.43949  -0.324633  -0.114857
0.385  -0.442528  -0.328581  -0.113946
0.395  -0.438735  -0.325186  -0.113549
0.405  -0.432317  -0.31993  -0.112387
0.415  -0.433961  -0.322074  -0.111887
0.425  -0.381024  -0.269004  -0.112021
0.435  -0.377121  -0.265301  -0.11182
0.445  -0.410836  -0.299761  -0.111075
0.455  -0.384932  -0.274087  -0.110844
0.465  -0.376354  -0.265025  -0.111329
0.475  -0.357037  -0.246145  -0.110892
0.485  -0.35713  -0.246508  -0.110622
0.495  -0.374045  -0.264643  -0.109401
0.505  -0.359781  -0.250741  -0.10904
0.515  -0.374802  -0.266701  -0.108101
0.525  -0.400939  -0.293548  -0.107391
0.535  -0.38263  -0.274988  -0.107642
0.545  -0.399467  -0.29241  -0.107057
0.555  -0.394808  -0.288079  -0.106729
0.565  -0.3955  -0.289185  -0.106315
0.575  -0.403157  -0.297855  -0.105302
0.585  -0.400016  -0.295456  -0.104559
0.595  -0.378384  -0.274263  -0.104122
0.605  -0.370678  -0.26711  -0.103569
0.615  -0.363543  -0.260251  -0.103292
0.625  -0.349198  -0.245629  -0.103569
0.635  -0.353589  -0.250586  -0.103003
0.645  -0.37462  -0.272161  -0.102458
0.655  -0.371207  -0.268723  -0.102484
0.665  -0.376375  -0.27466  -0.101716
0.675  -0.396618  -0.295166  -0.101452
0.685  -0.394681  -0.293487  -0.101193
0.695  -0.412923  -0.312317  -0.100605
0.705  -0.378714  -0.279169  -0.099545
0.715  -0.414855  -0.315807  -0.0990482
0.725  -0.417303  -0.318881  -0.0984218
0.735  -0.42053  -0.322818  -0.0977115
0.745  -0.403436  -0.306054  -0.0973816
0.755  -0.429402  -0.332542  -0.0968598
0.765  -0.385974  -0.289826  -0.0961482
0.775  -0.414527  -0.318708  -0.0958189
0.785  -0.432197  -0.336769  -0.0954287
0.795  -0.41341  -0.317783  -0.0956274
0.805  -0.426124  -0.330957  -0.0951667
0.815  -0.418846  -0.324467  -0.0943795
0.825  -0.418289  -0.324823  -0.0934658
0.835  -0.409279  -0.316319  -0.0929598
0.845  -0.442646  -0.350026  -0.0926208
0.855  -0.430952  -0.338553  -0.0923997
0.865  -0.399374  -0.307105  -0.0922689
0.875  -0.415276  -0.324076  -0.0912001
0.885  -0.411188  -0.320519  -0.0906699
0.895  -0.422825  -0.332878  -0.0899471
0.905  -0.422647  -0.333392  -0.0892554
0.915  -0.453321  -0.364159  -0.0891626
0.925  -0.430205  -0.341284  -0.0889207
0.935  -0.423593  -0.335797  -0.0877955
0.945  -0.425162  -0.337748  -0.0874134
0.955  -0.407238  -0.320824  -0.0864133
0.965  -0.398989  -0.313443  -0.0855466
0.975  -0.445763  -0.360471  -0.0852917
0.985  -0.430842  -0.346542  -0.0842998
0.995  -0.441116  -0.357569  -0.0835469
1.005  -0.426303  -0.342976  -0.0833262
1.015  -0.400162  -0.318133  -0.0820286
1.025  -0.373595  -0.291796  -0.0817989
1.035  -0.355891  -0.274377  -0.0815137
1.045  -0.389352  -0.30803  -0.0813221
1.055  -0.35413  -0.273219  -0.0809114
1.065  -0.323075  -0.242683  -0.0803927
1.075  -0.315047  -0.234786  -0.0802614
1.085  -0.305384  -0.225573  -0.0798119
1.095  -0.311349  -0.232004  -0.0793447
1.105  -0.30621  -0.226866  -0.079344
1.115  -0.3162  -0.237262  -0.0789377
1.125  -0.319628  -0.241204  -0.0784239
1.135  -0.318323  -0.240496  -0.0778267
1.145  -0.280917  -0.203569  -0.0773484
1.155  -0.299488  -0.222365  -0.0771229
1.165  -0.293578  -0.21658  -0.0769988
1.175  -0.286183  -0.209774  -0.076409
1.185  -0.302563  -0.226585  -0.0759771
1.195  -0.304737  -0.229281  -0.0754564
1.205  -0.313527  -0.238433  -0.075094
1.215  -0.32046  -0.245391  -0.0750699
1.225  -0.295951  -0.221128  -0.0748232
1.235  -0.302162  -0.22764  -0.074522
1.245  -0.319873  -0.245663  -0.0742099
1.255  -0.301348  -0.22758  -0.0737688
1.265  -0.290998  -0.217591  -0.0734078
1.275  -0.283524  -0.210772  -0.0727515
1.285  -0.293592  -0.221236  -0.0723558
1.295  -0.307489  -0.235224  -0.0722658
1.305  -0.279344  -0.207326  -0.0720179
1.315  -0.280126  -0.208632  -0.0714938
1.325  -0.314422  -0.243131  -0.0712905
1.335  -0.342203  -0.271433  -0.0707696
1.345  -0.323213  -0.252908  -0.0703044
1.355  -0.295277  -0.225106  -0.0701718
1.365  -0.28818  -0.218066  -0.0701139
1.375  -0.2949  -0.225453  -0.0694474
1.385  -0.300898  -0.231447  -0.069451
1.395  -0.281124  -0.211749  -0.0693751
1.405  -0.29672  -0.227928  -0.0687916
1.415  -0.322182  -0.253417  -0.0687646
1.425  -0.306986  -0.238627  -0.0683589
1.435  -0.305336  -0.237511  -0.067825
1.445  -0.270546  -0.203386  -0.0671599
1.455  -0.293173  -0.226308  -0.066865
1.465  -0.273142  -0.206655  -0.0664868
1.475  -0.266569  -0.200472  -0.0660972
1.485  -0.273811  -0.207876  -0.0659346
1.495  -0.276072  -0.210347  -0.0657245
1.505  -0.280697  -0.215365  -0.0653319
1.515  -0.278807  -0.213842  -0.0649653
1.525  -0.278201  -0.213528  -0.064673
1.535  -0.267115  -0.202427  -0.0646875
1.545  -0.273176  -0.208861  -0.0643157
1.555  -0.252399  -0.188216  -0.0641831
1.565  -0.24606  -0.182155  -0.0639046
1.575  -0.234254  -0.170918  -0.0633358
1.585  -0.250215  -0.187107  -0.0631075
1.595  -0.252079  -0.189124  -0.0629547
1.605  -0.245719  -0.1835  -0.0622196
1.615  -0.24963  -0.188002  -0.0616277
1.625  -0.230272  -0.16899  -0.0612823
1.635  -0.226108  -0.165443  -0.0606656
1.645  -0.236628  -0.176088  -0.0605402
1.655  -0.245254  -0.184674  -0.0605796
1.665  -0.222147  -0.161242  -0.0609052
1.675  -0.208298  -0.147443  -0.0608548
1.685  -0.227208  -0.166283  -0.060925
1.695  -0.228211  -0.16751  -0.0607014
1.705  -0.242724  -0.182359  -0.0603654
1.715  -0.240351  -0.18059  -0.0597605
1.725  -0.255342  -0.196007  -0.059335
1.735  -0.207284  -0.148365  -0.0589192
1.745  -0.212975  -0.154235  -0.0587401
1.755  -0.203828  -0.145431  -0.0583974
1.765  -0.188313  -0.130308  -0.0580051
1.775  -0.249482  -0.191618  -0.057864
1.785  -0.26153  -0.203849  -0.0576813
1.795  -0.229495  -0.172046  -0.057449
1.805  -0.186794  -0.129553  -0.0572412
1.815  -0.214176  -0.156993  -0.0571822
1.825  -0.217544  -0.16088  -0.0566635
1.835  -0.206765  -0.150675  -0.0560897
1.845  -0.192972  -0.137405  -0.0555672
1.855  -0.190129  -0.134831  -0.0552979
1.865  -0.170452  -0.115523  -0.054929
1.875  -0.144667  -0.089894  -0.0547735
1.885  -0.132482  -0.0779377  -0.0545446
1.895  -0.123139  -0.0688333  -0.0543062
1.905  -0.129137  -0.0748961  -0.0542408
1.915  -0.128039  -0.0741047  -0.0539345
1.925  -0.123017  -0.069425  -0.0535922
1.935  -0.125913  -0.0726589  -0.0532538
1.945  -0.104543  -0.051594  -0.0529491
1.955  -0.098101  -0.0453345  -0.0527665
1.965  -0.0950634  -0.0423578  -0.0527056
1.975  -0.0901927  -0.0376047  -0.052588
1.985  -0.0986386  -0.0462141  -0.0524245
1.995  -0.0819853  -0.0297744  -0.0522109
2.005  -0.0731119  -0.0211319  -0.05198
2.015  -0.0679916  -0.0164793  -0.0515123
2.025  -0.0787542  -0.0274203  -0.0513339
2.035  -0.0749705  -0.0240122  -0.0509583
2.045  -0.0678979  -0.0173445  -0.0505534
2.055  -0.0628978  -0.0125583  -0.0503396
2.065  -0.0679175  -0.0177654  -0.0501522
2.075  -0.0761303  -0.0261601  -0.0499702
2.085  -0.0564896  -0.00693369  -0.0495559
2.095  -0.0483073  0.000945906  -0.0492532
2.105  -0.0580443  -0.00893772  -0.0491066
2.115  -0.0524968  -0.00374231  -0.0487545
2.125  -0.0515644  -0.00321956  -0.0483449
2.135  -0.0514082  -0.00326941  -0.0481388
2.145  -0.0535818  -0.0053637  -0.0482181
2.155  -0.0627436  -0.0146788  -0.0480648
2.165  -0.060294  -0.0126188  -0.0476752
2.175  -0.0516253  -0.00418875  -0.0474365
2.185  -0.0499625  -0.00277655  -0.047186
2.195  -0.0520822  -0.00514834  -0.0469339
2.205  -0.0498787  -0.00353751  -0.0463412
2.215  -0.0532265  -0.0074706  -0.0457559
2.225  -0.0480119  -0.0024441  -0.0455678
2.235  -0.0490448  -0.00359814  -0.0454467
2.245  -0.051351  -0.00611338  -0.0452377
2.255  -0.0549571  -0.00997661  -0.0449805
2.265  -0.0547384  -0.00971727  -0.0450211
2.275  -0.0479899  -0.00317008  -0.0448198
2.285  -0.0422765  0.00228648  -0.044563
2.295  -0.0445556  -0.000171069  -0.0443846
2.305  -0.0460363  -0.00173796  -0.0442983
2.315  -0.0463612  -0.00222528  -0.044136
2.325  -0.0470683  -0.00313886  -0.0439294
2.335  -0.0468981  -0.00311497  -0.0437831
2.345  -0.0465259  -0.0028308  -0.0436951
2.355  -0.0436258  0  -0.0436258
2.365  -0.0434504  0  -0.0434504
2.375  -0.043239  0  -0.043239
2.385  -0.0429582  0  -0.0429582
2.395  -0.0427946  0  -0.0427946
2.405  -0.0425739  0  -0.0425739
2.415  -0.0423305  0  -0.0423305
2.425  -0.0420053  0  -0.0420053
2.435  -0.0418918  0  -0.0418918
2.445  -0.0417118  0  -0.0417118
2.455  -0.0413206  0  -0.0413206
2.465  -0.0410726  0  -0.0410726
2.475  -0.0410141  0  -0.0410141
2.485  -0.0406996  0  -0.0406996
2.495  -0.0405367  0  -0.0405367
2.505  -0.040471  0  -0.040471
2.515  -0.0403769  0  -0.0403769
2.525  -0.0405128  0  -0.0405128
2.535  -0.0405128  0  -0.0405128
2.545  -0.0401478  0  -0.0401478
2.555  -0.0397811  0  -0.0397811
2.565  -0.0395585  0  -0.0395585
2.575  -0.0393145  0  -0.0393145
2.585  -0.0391429  0  -0.0391429
2.595  -0.0390825  0  -0.0390825
2.605  -0.0389705  0  -0.0389705
2.615  -0.038696  0  -0.038696
2.625  -0.0385039  0  -0.0385039
2.635  -0.0380805  0  -0.0380805
2.645  -0.037737  0  -0.037737
2.655  -0.0373476  0  -0.0373476
2.665  -0.0371168  0  -0.0371168
2.675  -0.036848  0  -0.036848
2.685  -0.0365877  0  -0.0365877
2.695  -0.0365235  0  -0.0365235
2.705  -0.0364517  0  -0.0364517
2.715  -0.0363482  0  -0.0363482
2.725  -0.0360664  0  -0.0360664
2.735  -0.0359073  0  -0.0359073
2.745  -0.0356304  0  -0.0356304
2.755  -0.0353356  0  -0.0353356
2.765  -0.0351807  0  -0.0351807
2.775  -0.0347828  0  -0.0347828
2.785  -0.0344229  0  -0.0344229
2.795  -0.0342559  0  -0.0342559
2.805  -0.0340045  0  -0.0340045
2.815  -0.0337798  0  -0.0337798
2.825  -0.0336025  0  -0.0336025
2.835  -0.0333685  0  -0.0333685
2.845  -0.0331287  0  -0.0331287
2.855  -0.0326743  0  -0.0326743
2.865  -0.0323991  0  -0.0323991
2.875  -0.0321318  0  -0.0321318
2.885  -0.0319727  0  -0.0319727
2.895  -0.0317263  0  -0.0317263
2.905  -0.0313905  0  -0.0313905
2.915  -0.0312615  0  -0.0312615
2.925  -0.0309022  0  -0.0309022
2.935  -0.0306188  0  -0.0306188
2.945  -0.0303759  0  -0.0303759
2.955  -0.0301117  0  -0.0301117
2.965  -0.0298253  0  -0.0298253
2.975  -0.0297459  0  -0.0297459
2.985  -0.0297533  0  -0.0297533
2.995  -0.0296386  0  -0.0296386
3.005  -0.0296113  0  -0.0296113
3.015  -0.0293351  0  -0.0293351
3.025  -0.0289652  0  -0.0289652
3.035  -0.0288265  0  -0.0288265
3.045  -0.0285173  0  -0.0285173
3.055  -0.0282858  0  -0.0282858
3.065  -0.0279673  0  -0.0279673
3.075  -0.0278429  0  -0.0278429
3.085  -0.0277918  0  -0.0277918
3.095  -0.0276602  0  -0.0276602
3.105  -0.0275384  0  -0.0275384
3.115  -0.0273796  0  -0.0273796
3.125  -0.0273511  0  -0.0273511
3.135  -0.0272548  0  -0.0272548
3.145  -0.0270136  0  -0.0270136
3.155  -0.0267103  0  -0.0267103
3.165  -0.0263915  0  -0.0263915
3.175  -0.0262127  0  -0.0262127
3.185  -0.0258817  0  -0.0258817
3.195  -0.0256044  0  -0.0256044
3.205  -0.0253506  0  -0.0253506
3.215  -0.0251004  0  -0.0251004
3.225  -0.0250107  0  -0.0250107
3.235  -0.0247445  0  -0.0247445
3.245  -0.0246145  0  -0.0246145
3.255  -0.0245636  0  -0.0245636
3.265  -0.0243645  0  -0.0243645
3.275  -0.0243778  0  -0.0243778
3.285  -0.0243152  0  -0.0243152
3.295  -0.0242207  0  -0.0242207
3.305  -0.0240412  0  -0.0240412
3.315  -0.023848  0  -0.023848
3.325  -0.0236975  0  -0.0236975
3.335  -0.023521  0  -0.023521
3.345  -0.0232931  0  -0.0232931
3.355  -0.0231226  0  -0.0231226
3.365  -0.0230687  0  -0.0230687
3.375  -0.0227627  0  -0.0227627
3.385  -0.0226149  0  -0.0226149
3.395  -0.0225522  0  -0.0225522
3.405  -0.0224014  0  -0.0224014
3.415  -0.0220744  0  -0.0220744
3.425  -0.0218967  0  -0.0218967
3.435  -0.0219097  0  -0.0219097
3.445  -0.0218079  0  -0.0218079
3.455  -0.0216258  0  -0.0216258
3.465  -0.0215678  0  -0.0215678
3.475  -0.021358  0  -0.021358
3.485  -0.0213737  0  -0.0213737
3.495  -0.0211926  0  -0.0211926
3.505  -0.0210321  0  -0.0210321
3.515  -0.0209214  0  -0.0209214
3.525  -0.0207926  0  -0.0207926
3.535  -0.0206093  0  -0.0206093
3.545  -0.0205898  0  -0.0205898
3.555  -0.0204915  0  -0.0204915
3.565  -0.0204428  0  -0.0204428
3.575  -0.0203806  0  -0.0203806
3.585  -0.0202352  0  -0.0202352
3.595  -0.0202285  0  -0.0202285
3.605  -0.0203  0  -0.0203
3.615  -0.0202964  0  -0.0202964
3.625  -0.0203103  0  -0.0203103
3.635  -0.0202191  0  -0.0202191
3.645  -0.0202826  0  -0.0202826
3.655  -0.0201212  0  -0.0201212
3.665  -0.0199768  0  -0.0199768
3.675  -0.019868  0  -0.019868
3.685  -0.0197325  0  -0.0197325
3.695  -0.0196199  0  -0.0196199
3.705  -0.0194409  0  -0.0194409
3.715  -0.0193365  0  -0.0193365
3.725  -0.0193199  0  -0.0193199
3.735  -0.0192191  0  -0.0192191
3.745  -0.0191577  0  -0.0191577
3.755  -0.0190338  0  -0.0190338
3.765  -0.0189234  0  -0.0189234
3.775  -0.0188856  0  -0.0188856
3.785  -0.0186714  0  -0.0186714
3.795  -0.0184977  0  -0.0184977
3.805  -0.018478  0  -0.018478
3.815  -0.0184677  0  -0.0184677
3.825  -0.0182953  0  -0.0182953
3.835  -0.0182496  0  -0.0182496
3.845  -0.0182521  0  -0.0182521
3.855  -0.0182364  0  -0.0182364
3.865  -0.018241  0  -0.018241
3.875  -0.018108  0  -0.018108
3.885  -0.0179248  0  -0.0179248
3.895  -0.0178307  0  -0.0178307
3.905  -0.0177057  0  -0.0177057
3.915  -0.0176227  0  -0.0176227
3.925  -0.0175006  0  -0.0175006
3.935  -0.0174151  0  -0.0174151
3.945  -0.017323  0  -0.017323
3.955  -0.0173474  0  -0.0173474
3.965  -0.0173105  0  -0.0173105
3.975  -0.0172131  0  -0.0172131
3.985  -0.0170949  0  -0.0170949
3.995  -0.0169288  0  -0.0169288
4.005  -0.0168404  0  -0.0168404
4.015  -0.0166416  0  -0.0166416
4.025  -0.016411  0  -0.016411
4.035  -0.016234  0  -0.016234
4.045  -0.0162786  0  -0.0162786
4.055  -0.0161851  0  -0.0161851
4.065  -0.0162823  0  -0.0162823
4.075  -0.0161028  0  -0.0161028
4.085  -0.0159387  0  -0.0159387
4.095  -0.0158426  0  -0.0158426
4.105  -0.0157477  0  -0.0157477
4.115  -0.0156056  0  -0.0156056
4.125  -0.0153764  0  -0.0153764
4.135  -0.0152627  0  -0.0152627
4.145  -0.0150639  0  -0.0150639
4.155  -0.0149569  0  -0.0149569
4.165  -0.0148126  0  -0.0148126
4.175  -0.0145755  0  -0.0145755
4.185  -0.0142948  0  -0.0142948
4.195  -0.0141649  0  -0.0141649
4.205  -0.0139983  0  -0.0139983
4.215  -0.0139445  0  -0.0139445
4.225  -0.0137481  0  -0.0137481
4.235  -0.0135589  0  -0.0135589
4.245  -0.0133556  0  -0.0133556
4.255  -0.0130151  0  -0.0130151
4.265  -0.0128281  0  -0.0128281
4.275  -0.0126095  0  -0.0126095
4.285  -0.0123192  0  -0.0123192
4.295  -0.0122057  0  -0.0122057
4.305  -0.0119035  0  -0.0119035
4.315  -0.0116586  0  -0.0116586
4.325  -0.0115955  0  -0.0115955
4.335  -0.0112766  0  -0.0112766
4.345  -0.0111659  0  -0.0111659
4.355  -0.010808  0  -0.010808
4.365  -0.0105189  0  -0.0105189
4.375  -0.0102998  0  -0.0102998
4.385  -0.0100745  0  -0.0100745
4.395  -0.00974779  0  -0.00974779
4.405  -0.00957168  0  -0.00957168
4.415  -0.00938915  0  -0.00938915
4.425  -0.00902965  0  -0.00902965
4.435  -0.00881171  0  -0.00881171
4.445  -0.00853064  0  -0.00853064
4.455  -0.00836884  0  -0.00836884
4.465  -0.0081373  0  -0.0081373
4.475  -0.00792568  0  -0.00792568
4.485  -0.00774812  0  -0.00774812
4.495  -0.00764291  0  -0.00764291
4.505  -0.00740037  0  -0.00740037
4.515  -0.00714856  0  -0.00714856
4.525  -0.00686028  0  -0.00686028
4.535  -0.00662088  0  -0.00662088
4.545  -0.00641908  0  -0.00641908
4.555  -0.00624892  0  -0.00624892
4.565  -0.00604716  0  -0.00604716
4.575  -0.00584979  0  -0.00584979
4.585  -0.00556332  0  -0.00556332
4.595  -0.00542333  0  -0.00542333
4.605  -0.00527194  0  -0.00527194
4.615  -0.00507127  0  -0.00507127
4.625  -0.0049668  0  -0.0049668
4.635  -0.00478736  0  -0.00478736
4.645  -0.0045883  0  -0.0045883
4.655  -0.00445032  0  -0.00445032
4.665  -0.00427788  0  -0.00427788
4.675  -0.00422744  0  -0.00422744
4.685  -0.00402027  0  -0.00402027
4.695  -0.00380392  0  -0.00380392
4.705  -0.00362126  0  -0.00362126
4.715  -0.00340033  0  -0.00340033
4.725  -0.0031998  0  -0.0031998
4.735  -0.00310245  0  -0.00310245
4.745  -0.00300663  0  -0.00300663
4.755  -0.00285897  0  -0.00285897
4.765  -0.00277573  0  -0.00277573
4.775  -0.00273154  0  -0.00273154
4.785  -0.00258194  0  -0.00258194
4.795  -0.0025131  0  -0.0025131
4.805  -0.00244416  0  -0.00244416
4.815  -0.00231641  0  -0.00231641
4.825  -0.00228872  0  -0.00228872
4.835  -0.00219008  0  -0.00219008
4.845  -0.00214282  0  -0.00214282
4.855  -0.00203389  0  -0.00203389
4.865  -0.00190261  0  -0.00190261
4.875  -0.00182253  0  -0.00182253
4.885  -0.00173095  0  -0.00173095
4.895  -0.00162381  0  -0.00162381
4.905  -0.00161617  0  -0.00161617
4.915  -0.00150123  0  -0.00150123
4.925  -0.00139697  0  -0.00139697
4.935  -0.0013167  0  -0.0013167
4.945  -0.00117186  0  -0.00117186
4.955  -0.00100081  0  -0.00100081
4.965  -0.000892163  0  -0.000892163
4.975  -0.000866602  0  -0.000866602
4.985  -0.000742495  0  -0.000742495
4.995  -0.000673495  0  -0.000673495
5.005  -0.000670922  0  -0.000670922
5.015  -0.000632813  0  -0.000632813
5.025  -0.000581341  0  -0.000581341
5.035  -0.000540517  0  -0.000540517
5.045  -0.000538628  0  -0.000538628
5.055  -0.000542301  0  -0.000542301
5.065  -0.000477772  0  -0.000477772
5.075  -0.00037622  0  -0.00037622
5.085  -0.000334051  0  -0.000334051
5.095  -0.000327163  0  -0.000327163
5.105  -0.000323055  0  -0.000323055
5.115  -0.000306708  0  -0.000306708
5.125  -0.000238956  0  -0.000238956
5.135  -0.000206815  0  -0.000206815
5.145  -0.000185426  0  -0.000185426
5.155  -0.000176015  0  -0.000176015
5.165  -0.000166124  0  -0.000166124
5.175  -0.000177409  0  -0.000177409
5.185  -0.000112944  0  -0.000112944
5.195  -0.000116383  0  -0.000116383
5.205  -0.000118243  0  -0.000118243
5.215  -0.000109692  0  -0.000109692
5.225  -9.55603e-05  0  -9.55603e-05
5.235  -6.62123e-05  0  -6.62123e-05
5.245  -8.06052e-05  0  -8.06052e-05
5.255  -8.07682e-05  0  -8.07682e-05
5.265  -7.65731e-05  0  -7.65731e-05
5.275  -5.56458e-05  0  -5.56458e-05
5.285  -2.81453e-05  0  -2.81453e-05
5.295  -3.55056e-05  0  -3.55056e-05
5.305  -2.06542e-05  0  -2.06542e-05
5.315  -1.00396e-05  0  -1.00396e-05
5.325  -1.15264e-05  0  -1.15264e-05
5.335  -1.35869e-05  0  -1.35869e-05
5.345  -9.87197e-06  0  -9.87197e-06
5.355  -9.83797e-06  0  -9.83797e-06
5.365  -1.1162e-05  0  -1.1162e-05
5.375  -1.1486e-05  0  -1.1486e-05
5.385  -1.1486e-05  0  -1.1486e-05
5.395  -1.14325e-05  0  -1.14325e-05
5.405  -1.1428e-05  0  -1.1428e-05
5.415  -1.1428e-05  0  -1.1428e-05
5.425  -1.06777e-06  0  -1.06777e-06
5.435  0  0  0
5.445  0  0  0
5.455  0  0  0
5.465  0  0  0
5.475  0  0  0
5.485  0  0  0
5.495  0  0  0
5.505  0  0  0
5.515  0  0  0
5.525  0  0  0
5.535  0  0  0
5.545  0  0  0
5.555  0  0  0
5.565  0  0  0
5.575  0  0  0
5.585  0  0  0
5.595  0  0  0
5.605  0  0  0
5.615  0  0  0
5.625  0  0  0
5.635  0  0  0
5.645  0  0  0
5.655  0  0  0
5.665  0  0  0
5.675  0  0  0
5.685  0  0  0
5.695  0  0  0
5.705  0  0  0
5.715  0  0  0
5.725  0  0  0
5.735  0  0  0
5.745  0  0  0
5.755  0  0  0
5.765  0  0  0
5.775  0  0  0
5.785  0  0  0
5.795  0  0  0
5.805  0  0  0
5.815  0  0  0
5.825  0  0  0
5.835  0  0  0
5.845  0  0  0
5.855  0  0  0
5.865  0  0  0
5.875  0  0  0
5.885  0  0  0
5.895  0  0  0
5.905  0  0  0
5.915  0  0  0
5.925  0  0  0
5.935  0  0  0
5.945  0  0  0
5.955  0  0  0
5.965  0  0  0
5.975  0  0  0
5.985  0  0  0
5.995  0  0  0
6.005  0  0  0
6.015  0  0  0
6.025  0  0  0
6.035  0  0  0
6.045  0  0  0
6.055  0  0  0
6.065  0  0  0
6.075  0  0  0
6.085  0  0  0
6.095  0  0  0
6.105  0  0  0
6.115  0  0  0
6.125  0  0  0
6.135  0  0  0
6.145  0  0  0
6.155  0  0  0
6.165  0  0  0
6.175  0  0  0
6.185  0  0  0
6.195  0  0  0
6.205  0  0  0
6.215  0  0  0
6.225  0  0  0
6.235  0  0  0
6.245  0  0  0
6.255  0  0  0
6.265  0  0  0
6.275  0  0  0
6.285  0  0  0
6.295  0  0  0
6.305  0  0  0
6.315  0  0  0
6.325  0  0  0
6.335  0  0  0
6.345  0  0  0
6.355  0  0  0
6.365  0  0  0
6.375  0  0  0
6.385  0  0  0
6.395  0  0  0
6.405  0  0  0
6.415  0  0  0
6.425  0  0  0
6.435  0  0  0
6.445  0  0  0
6.455  0  0  0
6.465  0  0  0
6.475  0  0  0
6.485  0  0  0
6.495  0  0  0
6.505  0  0  0
6.515  0  0  0
6.525  0  0  0
6.535  0  0  0
6.545  0  0  0
6.555  0  0  0
6.565  0  0  0
6.575  0  0  0
6.585  0  0  0
6.595  0  0  0
6.605  0  0  0
6.615  0  0  0
6.625  0  0  0
6.635  0  0  0
6.645  0  0  0
6.655  0  0  0
6.665  0  0  0
6.675  0  0  0
6.685  0  0  0
6.695  0  0  0
6.705  0  0  0
6.715  0  0  0
6.725  0  0  0
6.735  0  0  0
6.745  0  0  0
6.755  0  0  0
6.765  0  0  0
6.775  0  0  0
6.785  0  0  0
6.795  0  0  0
6.805  0  0  0
6.815  0  0  0
6.825  0  0  0
6.835  0  0  0
6.845  0  0  0
6.855  0  0  0
6.865  0  0  0
6.875  0  0  0
6.885  0  0  0
6.895  0  0  0
6.905  0  0  0
6.915  0  0  0
6.925  0  0  0
6.935  0  0  0
6.945  0  0  0
6.955  0  0  0
6.965  0  0  0
6.975  0  0  0
6.985  0  0  0
6.995  0  0  0
7.005  0  0  0
7.015  0  0  0
7.025  0  0  0
7.035  0  0  0
7.045  0  0  0
7.055  0  0  0
7.065  0  0  0
7.075  0  0  0
7.085  0  0  0
7.095  0  0  0
7.105  0  0  0
7.115  0  0  0
7.125  0  0  0
7.135  0  0  0
7.145  0  0  0
7.155  0  0  0
7.165  0  0  0
7.175  0  0  0
7.185  0  0  0
7.195  0  0  0
7.205  0  0  0
7.215  0  0  0
7.225  0  0  0
7.235  0  0  0
7.245  0  0  0
7.255  0  0  0
7.265  0  0  0
7.275  0  0  0
7.285  0  0  0
7.295  0  0  0
7.305  0  0  0
7.315  0  0  0
7.325  0  0  0
7.335  0  0  0
7.345  0  0  0
7.355  0  0  0
7.365  0  0  0
7.375  0  0  0
7.385  0  0  0
7.395  0  0  0
7.405  0  0  0
7.415  0  0  0
7.425  0  0  0
7.435  0  0  0
7.445  0  0  0
7.455  0  0  0
7.465  0  0  0
7.475  0  0  0
7.485  0  0  0
7.495  0  0  0
7.505  0  0  0
7.515  0  0  0
7.525  0  0  0
7.535  0  0  0
7.545  0  0  0
7.555  0  0  0
7.565  0  0  0
7.575  0  0  0
7.585  0  0  0
7.595  0  0  0
7.605  0  0  0
7.615  0  0  0
7.625  0  0  0
7.635  0  0  0
7.645  0  0  0
7.655  0  0  0
7.665  0  0  0
7.675  0  0  0
7.685  0  0  0
7.695  0  0  0
7.705  0  0  0
7.715  0  0  0
7.725  0  0  0
7.735  0  0  0
7.745  0  0  0
7.755  0  0  0
7.765  0  0  0
7.775  0  0  0
7.785  0  0  0
7.795  0  0  0
7.805  0  0  0
7.815  0  0  0
7.825  0  0  0
7.835  0  0  0
7.845  0  0  0
7.855  0  0  0
7.865  0  0  0
7.875  0  0  0
7.885  0  0  0
7.895  0  0  0
7.905  0  0  0
7.915  0  0  0
7.925  0  0  0
7.935  0  0  0
7.945  0  0  0
7.955  0  0  0
7.965  0  0  0
7.975  0  0  0
7.985  0  0  0
7.995  0  0  0
8.005  0  0  0
8.015  0  0  0
8.025  0  0  0
8.035  0  0  0
8.045  0  0  0
8.055  0  0  0
8.065  0  0  0
8.075  0  0  0
8.085  0  0  0
8.095  0  0  0
8.105  0  0  0
8.115  0  0  0
8.125  0  0  0
8.135  0  0  0
8.145  0  0  0
8.155  0  0  0
8.165  0  0  0
8.175  0  0  0
8.185  0  0  0
8.195  0  0  0
8.205  0  0  0
8.215  0  0  0
8.225  0  0  0
8.235  0  0  0
8.245  0  0  0
8.255  0  0  0
8.265  0  0  0
8.275  0  0  0
8.285  0  0  0
8.295  0  0  0
8.305  0  0  0
8.315  0  0  0
8.325  0  0  0
8.335  0  0  0
8.345  0  0  0
8.355  0  0  0
8.365  0  0  0
8.375  0  0  0
8.385  0  0  0
8.395  0  0  0
8.405  0  0  0
8.415  0  0  0
8.425  0  0  0
8.435  0  0  0
8.445  0  0  0
8.455  0  0  0
8.465  0  0  0
8.475  0  0  0
8.485  0  0  0
8.495  0  0  0
8.505  0  0  0
8.515  0  0  0
8.525  0  0  0
8.535  0  0  0
8.545  0  0  0
8.555  0  0  0
8.565  0  0  0
8.575  0  0  0
8.585  0  0  0
8.595  0  0  0
8.605  0  0  0
8.615  0  0  0
8.625  0  0  0
8.635  0  0  0
8.645  0  0  0
8.655  0  0  0
8.665  0  0  0
8.675  0  0  0
8.685  0  0  0
8.695  0  0  0
8.705  0  0  0
8.715  0  0  0
8.725  0  0  0
8.735  0  0  0
8.745  0  0  0
8.755  0  0  0
8.765  0  0  0
8.775  0  0  0
8.785  0  0  0
8.795  0  0  0
8.805  0  0  0
8.815  0  0  0
8.825  0  0  0
8.835  0  0  0
8.845  0  0  0
8.855  0  0  0
8.865  0  0  0
8.875  0  0  0
8.885  0  0  0
8.895  0  0  0
8.905  0  0  0
8.915  0  0  0
8.925  0  0  0
8.935  0  0  0
8.945  0  0  0
8.955  0  0  0
8.965  0  0  0
8.975  0  0  0
8.985  0  0  0
8.995  0  0  0
9.005  0  0  0
9.015  0  0  0
9.025  0  0  0
9.035  0  0  0
9.045  0  0  0
9.055  0  0  0
9.065  0  0  0
9.075  0  0  0
9.085  0  0  0
9.095  0  0  0
9.105  0  0  0
9.115  0  0  0
9.125  0  0  0
9.135  0  0  0
9.145  0  0  0
9.155  0  0  0
9.165  0  0  0
9.175  0  0  0
9.185  0  0  0
9.195  0  0  0
9.205  0  0  0
9.215  0  0  0
9.225  0  0  0
9.235  0  0  0
9.245  0  0  0
9.255  0  0  0
9.265  0  0  0
9.275  0  0  0
9.285  0  0  0
9.295  0  0  0
9.305  0  0  0
9.315  0  0  0
9.325  0  0  0
9.335  0  0  0
9.345  0  0  0
9.355  0  0  0
9.365  0  0  0
9.375  0  0  0
9.385  0  0  0
9.395  0  0  0
9.405  0  0  0
9.415  0  0  0
9.425  0  0  0
9.435  0  0  0
9.445  0  0  0
9.455  0  0  0
9.465  0  0  0
9.475  0  0  0
9.485  0  0  0
9.495  0  0  0
9.505  0  0  0
9.515  0  0  0
9.525  0  0  0
9.535  0  0  0
9.545  0  0  0
9.555  0  0  0
9.565  0  0  0
9.575  0  0  0
9.585  0  0  0
9.595  0  0  0
9.605  0  0  0
9.615  0  0  0
9.625  0  0  0
9.635  0  0  0
9.645  0  0  0
9.655  0  0  0
9.665  0  0  0
9.675  0  0  0
9.685  0  0  0
9.695  0  0  0
9.705  0  0  0
9.715  0  0  0
9.725  0  0  0
9.735  0  0  0
9.745  0  0  0
9.755  0  0  0
9.765  0  0  0
9.775  0  0  0
9.785  0  0  0
9.795  0  0  0
9.805  0  0  0
9.815  0  0  0
9.825  0  0  0
9.835  0  0  0
9.845  0  0  0
9.855  0  0  0
9.865  0  0  0
9.875  0  0  0
9.885  0  0  0
9.895  0  0  0
9.905  0  0  0
9.915  0  0  0
9.925  0  0  0
9.935  0  0  0
9.945  0  0  0
9.955  0  0  0
9.965  0  0  0
9.975  0  0  0
9.985  0  0  0
9.995  0  0  0
