0.005  -0.948852  -0.65418  -0.294672
0.015  -0.97633  -0.674549  -0.301781
0.025  -0.972495  -0.674509  -0.297986
0.035  -0.978345  -0.681964  -0.296381
0.045  -0.984154  -0.69183  -0.292324
0.055  -0.981611  -0.691549  -0.290063
0.065  -0.968643  -0.681701  -0.286943
0.075  -0.950097  -0.66472  -0.285377
0.085  -0.935008  -0.653018  -0.28199
0.095  -0.919268  -0.638677  -0.280591
0.105  -0.902543  -0.624243  -0.2783
0.115  -0.895501  -0.619288  -0.276213
0.125  -0.896123  -0.622812  -0.27331
0.135  -0.90042  -0.629826  -0.270594
0.145  -0.895082  -0.627207  -0.267875
0.155  -0.89593  -0.629916  -0.266015
0.165  -0.897886  -0.634163  -0.263722
0.175  -0.898346  -0.636732  -0.261614
0.185  -0.901317  -0.64178  -0.259537
0.195  -0.900987  -0.645147  -0.25584
0.205  -0.906904  -0.653125  -0.253779
0.215  -0.908543  -0.656889  -0.251653
0.225  -0.90033  -0.650038  -0.250292
0.235  -0.893229  -0.644443  -0.248786
0.245  -0.889161  -0.642623  -0.246537
0.255  -0.883333  -0.638502  -0.244832
0.265  -0.867008  -0.625737  -0.241271
0.275  -0.845256  -0.606449  -0.238806
0.285  -0.813949  -0.57756  -0.236389
0.295  -0.792742  -0.558589  -0.234153
0.305  -0.774385  -0.541669  -0.232716
0.315  -0.768556  -0.537971  -0.230586
0.325  -0.76762  -0.53994  -0.22768
0.335  -0.76758  -0.541355  -0.226226
0.345  -0.768916  -0.544899  -0.224017
0.355  -0.773858  -0.550594  -0.223264
0.365  -0.779249  -0.557364  -0.221885
0.375  -0.781811  -0.561045  -0.220766
0.385  -0.781902  -0.563335  -0.218567
0.395  -0.783076  -0.567168  -0.215908
0.405  -0.783194  -0.569904  -0.213289
0.415  -0.785801  -0.57395  -0.21185
0.425  -0.785203  -0.574237  -0.210967
0.435  -0.787373  -0.576853  -0.21052
0.445  -0.785873  -0.576543  -0.209331
0.455  -0.790118  -0.582421  -0.207697
0.465  -0.793988  -0.588578  -0.20541
0.475  -0.793961  -0.589763  -0.204198
0.485  -0.790651  -0.588968  -0.201683
0.495  -0.787044  -0.586821  -0.200222
0.505  -0.787849  -0.589372  -0.198477
0.515  -0.787819  -0.591529  -0.19629
0.525  -0.784399  -0.590278  -0.194121
0.535  -0.784831  -0.592215  -0.192616
0.545  -0.784112  -0.594145  -0.189967
0.555  -0.7769  -0.588779  -0.188121
0.565  -0.774617  -0.58775  -0.186866
0.575  -0.77326  -0.58794  -0.18532
0.585  -0.771386  -0.586416  -0.18497
0.595  -0.768251  -0.584744  -0.183508
0.605  -0.758663  -0.576807  -0.181855
0.615  -0.755422  -0.575213  -0.180209
0.625  -0.747067  -0.568302  -0.178765
0.635  -0.743813  -0.566622  -0.17719
0.645  -0.747269  -0.571304  -0.175965
0.655  -0.746081  -0.571607  -0.174474
0.665  -0.738555  -0.565582  -0.172973
0.675  -0.731655  -0.55998  -0.171675
0.685  -0.727971  -0.557355  -0.170616
0.695  -0.723014  -0.553177  -0.169837
0.705  -0.716491  -0.548023  -0.168468
0.715  -0.71692  -0.549109  -0.167811
0.725  -0.708638  -0.542647  -0.165991
0.735  -0.701947  -0.537347  -0.164599
0.745  -0.69758  -0.534674  -0.162906
0.755  -0.701291  -0.539627  -0.161664
0.765  -0.705536  -0.545579  -0.159957
0.775  -0.704539  -0.545589  -0.15895
0.785  -0.69967  -0.542039  -0.15763
0.795  -0.700679  -0.544349  -0.15633
0.805  -0.705467  -0.549826  -0.155641
0.815  -0.705375  -0.550264  -0.155111
0.825  -0.702704  -0.548832  -0.153872
0.835  -0.702078  -0.549123  -0.152956
0.845  -0.702808  -0.55075  -0.152057
0.855  -0.698479  -0.547796  -0.150683
0.865  -0.694377  -0.544519  -0.149858
0.875  -0.691875  -0.542588  -0.149287
0.885  -0.684598  -0.536548  -0.148049
0.895  -0.678507  -0.531537  -0.14697
0.905  -0.672931  -0.526763  -0.146167
0.915  -0.670696  -0.525403  -0.145294
0.925  -0.658636  -0.514323  -0.144313
0.935  -0.642406  -0.498906  -0.143499
0.945  -0.64042  -0.497419  -0.143001
0.955  -0.639192  -0.497456  -0.141735
0.965  -0.630135  -0.489919  -0.140215
0.975  -0.624891  -0.486037  -0.138854
0.985  -0.617694  -0.479959  -0.137735
0.995  -0.612983  -0.476624  -0.136359
1.005  -0.61252  -0.477314  -0.135206
1.015  -0.616084  -0.481797  -0.134287
1.025  -0.617176  -0.483762  -0.133414
1.035  -0.616578  -0.483635  -0.132943
1.045  -0.614111  -0.481887  -0.132224
1.055  -0.61216  -0.480637  -0.131523
1.065  -0.609588  -0.478895  -0.130693
1.075  -0.605645  -0.47619  -0.129455
1.085  -0.604666  -0.476568  -0.128098
1.095  -0.602828  -0.475605  -0.127223
1.105  -0.596415  -0.470402  -0.126013
1.115  -0.591133  -0.465898  -0.125235
1.125  -0.592685  -0.467603  -0.125082
1.135  -0.590931  -0.466459  -0.124472
1.145  -0.585267  -0.461693  -0.123574
1.155  -0.584574  -0.461963  -0.122611
1.165  -0.579958  -0.457682  -0.122276
1.175  -0.571895  -0.450378  -0.121517
1.185  -0.569364  -0.44841  -0.120955
1.195  -0.564454  -0.443732  -0.120722
1.205  -0.551562  -0.431436  -0.120126
1.215  -0.540982  -0.42186  -0.119122
1.225  -0.534206  -0.415967  -0.118239
1.235  -0.529248  -0.412307  -0.11694
1.245  -0.518532  -0.401982  -0.11655
1.255  -0.508325  -0.392517  -0.115808
1.265  -0.500512  -0.385567  -0.114945
1.275  -0.487353  -0.372875  -0.114478
1.285  -0.473081  -0.359417  -0.113664
1.295  -0.464399  -0.351563  -0.112836
1.305  -0.456695  -0.344353  -0.112341
1.315  -0.451304  -0.339455  -0.111848
1.325  -0.448334  -0.337027  -0.111307
1.335  -0.447055  -0.335932  -0.111123
1.345  -0.445651  -0.334966  -0.110685
1.355  -0.443932  -0.334138  -0.109794
1.365  -0.447695  -0.338267  -0.109429
1.375  -0.450374  -0.341482  -0.108892
1.385  -0.449292  -0.341196  -0.108096
1.395  -0.449695  -0.342314  -0.107381
1.405  -0.445829  -0.339271  -0.106558
1.415  -0.443205  -0.337294  -0.105911
1.425  -0.446002  -0.341011  -0.104991
1.435  -0.445332  -0.340805  -0.104527
1.445  -0.441794  -0.337966  -0.103828
1.455  -0.442152  -0.338767  -0.103386
1.465  -0.440729  -0.337926  -0.102803
1.475  -0.441206  -0.339402  -0.101804
1.485  -0.441246  -0.339788  -0.101458
1.495  -0.441059  -0.339929  -0.10113
1.505  -0.441483  -0.341195  -0.100288
1.515  -0.436335  -0.336305  -0.10003
1.525  -0.427797  -0.328133  -0.0996646
1.535  -0.425146  -0.326051  -0.0990947
1.545  -0.418643  -0.320007  -0.0986357
1.555  -0.414435  -0.316557  -0.0978778
1.565  -0.411244  -0.314428  -0.0968152
1.575  -0.411084  -0.314728  -0.0963561
1.585  -0.40777  -0.31181  -0.0959601
1.595  -0.405405  -0.309967  -0.0954375
1.605  -0.404645  -0.30969  -0.0949548
1.615  -0.401769  -0.307197  -0.094572
1.625  -0.39571  -0.301792  -0.0939188
1.635  -0.395033  -0.302056  -0.092977
1.645  -0.396544  -0.304196  -0.0923487
1.655  -0.395951  -0.304138  -0.0918122
1.665  -0.398028  -0.306642  -0.0913855
1.675  -0.398945  -0.308232  -0.0907129
1.685  -0.40017  -0.309863  -0.090307
1.695  -0.400434  -0.310032  -0.0904023
1.705  -0.402101  -0.312063  -0.090038
1.715  -0.401907  -0.312806  -0.0891003
1.725  -0.401537  -0.313056  -0.0884805
1.735  -0.401543  -0.313451  -0.0880921
1.745  -0.397691  -0.310209  -0.0874825
1.755  -0.396563  -0.309124  -0.0874392
1.765  -0.390759  -0.303529  -0.0872302
1.775  -0.387552  -0.300438  -0.0871138
1.785  -0.38596  -0.299347  -0.0866125
1.795  -0.381593  -0.295612  -0.0859812
1.805  -0.376443  -0.29095  -0.0854925
1.815  -0.365753  -0.280536  -0.0852171
1.825  -0.363592  -0.278945  -0.0846476
1.835  -0.359783  -0.275289  -0.0844939
1.845  -0.355547  -0.271217  -0.0843306
1.855  -0.353172  -0.269503  -0.0836694
1.865  -0.342867  -0.260048  -0.0828191
1.875  -0.333004  -0.250834  -0.0821702
1.885  -0.32583  -0.244345  -0.0814851
1.895  -0.322525  -0.241136  -0.0813891
1.905  -0.319608  -0.238344  -0.0812638
1.915  -0.31579  -0.234495  -0.0812946
1.925  -0.305833  -0.22464  -0.0811928
1.935  -0.299256  -0.218419  -0.0808366
1.945  -0.294723  -0.214346  -0.0803775
1.955  -0.288051  -0.207985  -0.0800658
1.965  -0.282598  -0.203053  -0.0795442
1.975  -0.275421  -0.196514  -0.0789074
1.985  -0.268066  -0.189754  -0.0783116
1.995  -0.261506  -0.183746  -0.0777601
2.005  -0.252468  -0.175172  -0.0772958
2.015  -0.243351  -0.166579  -0.0767722
2.025  -0.237046  -0.161023  -0.0760232
2.035  -0.230698  -0.155329  -0.0753687
2.045  -0.225258  -0.150226  -0.0750324
2.055  -0.222228  -0.147507  -0.0747212
2.065  -0.215747  -0.141111  -0.0746354
2.075  -0.207667  -0.133173  -0.0744937
2.085  -0.204622  -0.130226  -0.0743964
2.095  -0.199572  -0.125527  -0.0740451
2.105  -0.193537  -0.119683  -0.0738549
2.115  -0.185149  -0.111454  -0.0736948
2.125  -0.178247  -0.105067  -0.0731798
2.135  -0.169601  -0.0968293  -0.0727718
2.145  -0.163296  -0.0907127  -0.0725833
2.155  -0.158902  -0.0866948  -0.0722076
2.165  -0.150207  -0.0782698  -0.0719372
2.175  -0.139372  -0.0678073  -0.0715645
2.185  -0.130535  -0.059629  -0.0709062
2.195  -0.122975  -0.0524277  -0.070547
2.205  -0.114038  -0.044128  -0.0699104
2.215  -0.105824  -0.0363411  -0.0694825
2.225  -0.0982914  -0.0294273  -0.0688642
2.235  -0.0938794  -0.0256518  -0.0682276
2.245  -0.0893149  -0.0216189  -0.067696
2.255  -0.0854386  -0.0180718  -0.0673668
2.265  -0.0822475  -0.015495  -0.0667525
2.275  -0.0791898  -0.0130727  -0.0661171
2.285  -0.0762207  -0.0105313  -0.0656894
2.295  -0.0744681  -0.00944174  -0.0650264
2.305  -0.072133  -0.00764026  -0.0644927
2.315  -0.0712705  -0.00708518  -0.0641854
2.325  -0.06947  -0.00567208  -0.063798
2.335  -0.0673304  -0.0037799  -0.0635505
2.345  -0.066012  -0.00288431  -0.0631277
2.355  -0.0650746  -0.00214661  -0.062928
2.365  -0.0633947  -0.00107333  -0.0623214
2.375  -0.0625959  -0.00082807  -0.0617679
2.385  -0.06187  -0.000545361  -0.0613246
2.395  -0.0612396  -0.000378306  -0.0608613
2.405  -0.0606452  -0.000212681  -0.0604326
2.415  -0.0603246  -0.000241007  -0.0600836
2.425  -0.0601973  -0.000194124  -0.0600032
2.435  -0.059381  0  -0.059381
2.445  -0.0587795  0  -0.0587795
2.455  -0.0585397  0  -0.0585397
2.465  -0.0583923  0  -0.0583923
2.475  -0.0579387  0  -0.0579387
2.485  -0.0576354  0  -0.0576354
2.495  -0.0575427  0  -0.0575427
2.505  -0.0572427  0  -0.0572427
2.515  -0.0567404  0  -0.0567404
2.525  -0.0564722  0  -0.0564722
2.535  -0.0562086  0  -0.0562086
2.545  -0.055896  0  -0.055896
2.555  -0.055693  0  -0.055693
2.565  -0.0554465  0  -0.0554465
2.575  -0.0549953  0  -0.0549953
2.585  -0.0545132  0  -0.0545132
2.595  -0.054314  0  -0.054314
2.605  -0.0538371  0  -0.0538371
2.615  -0.053557  0  -0.053557
2.625  -0.053364  0  -0.053364
2.635  -0.0531577  0  -0.0531577
2.645  -0.0531042  0  -0.0531042
2.655  -0.0528226  0  -0.0528226
2.665  -0.0521984  0  -0.0521984
2.675  -0.0516591  0  -0.0516591
2.685  -0.0514585  0  -0.0514585
2.695  -0.051263  0  -0.051263
2.705  -0.0509393  0  -0.0509393
2.715  -0.0507123  0  -0.0507123
2.725  -0.0504164  0  -0.0504164
2.735  -0.0500997  0  -0.0500997
2.745  -0.0498879  0  -0.0498879
2.755  -0.0497345  0  -0.0497345
2.765  -0.0495038  0  -0.0495038
2.775  -0.0489598  0  -0.0489598
2.785  -0.0488129  0  -0.0488129
2.795  -0.048408  0  -0.048408
2.805  -0.0478582  0  -0.0478582
2.815  -0.0474092  0  -0.0474092
2.825  -0.0473546  0  -0.0473546
2.835  -0.0473286  0  -0.0473286
2.845  -0.0471411  0  -0.0471411
2.855  -0.0469112  0  -0.0469112
2.865  -0.0466783  0  -0.0466783
2.875  -0.0465258  0  -0.0465258
2.885  -0.0463309  0  -0.0463309
2.895  -0.0460574  0  -0.0460574
2.905  -0.0459469  0  -0.0459469
2.915  -0.0456208  0  -0.0456208
2.925  -0.0451931  0  -0.0451931
2.935  -0.0449061  0  -0.0449061
2.945  -0.0445226  0  -0.0445226
2.955  -0.0440572  0  -0.0440572
2.965  -0.0436963  0  -0.0436963
2.975  -0.0433537  0  -0.0433537
2.985  -0.0429619  0  -0.0429619
2.995  -0.0427827  0  -0.0427827
3.005  -0.0423697  0  -0.0423697
3.015  -0.0421089  0  -0.0421089
3.025  -0.0417381  0  -0.0417381
3.035  -0.0416231  0  -0.0416231
3.045  -0.0413734  0  -0.0413734
3.055  -0.0411199  0  -0.0411199
3.065  -0.0407222  0  -0.0407222
3.075  -0.0402751  0  -0.0402751
3.085  -0.0401108  0  -0.0401108
3.095  -0.0399364  0  -0.0399364
3.105  -0.0395134  0  -0.0395134
3.115  -0.0392121  0  -0.0392121
3.125  -0.0390296  0  -0.0390296
3.135  -0.0389406  0  -0.0389406
3.145  -0.0386889  0  -0.0386889
3.155  -0.0386138  0  -0.0386138
3.165  -0.0386476  0  -0.0386476
3.175  -0.0384124  0  -0.0384124
3.185  -0.0379561  0  -0.0379561
3.195  -0.0377624  0  -0.0377624
3.205  -0.0375546  0  -0.0375546
3.215  -0.0370946  0  -0.0370946
3.225  -0.0367709  0  -0.0367709
3.235  -0.0363741  0  -0.0363741
3.245  -0.0361858  0  -0.0361858
3.255  -0.0358206  0  -0.0358206
3.265  -0.0353128  0  -0.0353128
3.275  -0.0350533  0  -0.0350533
3.285  -0.0348063  0  -0.0348063
3.295  -0.0345207  0  -0.0345207
3.305  -0.0341969  0  -0.0341969
3.315  -0.0341715  0  -0.0341715
3.325  -0.0337912  0  -0.0337912
3.335  -0.033665  0  -0.033665
3.345  -0.0337053  0  -0.0337053
3.355  -0.0333242  0  -0.0333242
3.365  -0.032983  0  -0.032983
3.375  -0.0326344  0  -0.0326344
3.385  -0.0324411  0  -0.0324411
3.395  -0.032234  0  -0.032234
3.405  -0.0319397  0  -0.0319397
3.415  -0.0316055  0  -0.0316055
3.425  -0.0315661  0  -0.0315661
3.435  -0.0314164  0  -0.0314164
3.445  -0.0312115  0  -0.0312115
3.455  -0.030986  0  -0.030986
3.465  -0.0307675  0  -0.0307675
3.475  -0.030507  0  -0.030507
3.485  -0.0303329  0  -0.0303329
3.495  -0.0301321  0  -0.0301321
3.505  -0.0299556  0  -0.0299556
3.515  -0.0295074  0  -0.0295074
3.525  -0.0292832  0  -0.0292832
3.535  -0.0293398  0  -0.0293398
3.545  -0.0291805  0  -0.0291805
3.555  -0.0288606  0  -0.0288606
3.565  -0.0286151  0  -0.0286151
3.575  -0.0285841  0  -0.0285841
3.585  -0.0284315  0  -0.0284315
3.595  -0.0282148  0  -0.0282148
3.605  -0.0278035  0  -0.0278035
3.615  -0.027513  0  -0.027513
3.625  -0.0271992  0  -0.0271992
3.635  -0.0269765  0  -0.0269765
3.645  -0.0266672  0  -0.0266672
3.655  -0.0265886  0  -0.0265886
3.665  -0.0262703  0  -0.0262703
3.675  -0.0259894  0  -0.0259894
3.685  -0.0258234  0  -0.0258234
3.695  -0.0257588  0  -0.0257588
3.705  -0.0254935  0  -0.0254935
3.715  -0.0251641  0  -0.0251641
3.725  -0.024826  0  -0.024826
3.735  -0.0247099  0  -0.0247099
3.745  -0.024531  0  -0.024531
3.755  -0.0242878  0  -0.0242878
3.765  -0.0240859  0  -0.0240859
3.775  -0.02393  0  -0.02393
3.785  -0.0238062  0  -0.0238062
3.795  -0.0236082  0  -0.0236082
3.805  -0.0232797  0  -0.0232797
3.815  -0.0230527  0  -0.0230527
3.825  -0.0228655  0  -0.0228655
3.835  -0.0226524  0  -0.0226524
3.845  -0.0223345  0  -0.0223345
3.855  -0.022083  0  -0.022083
3.865  -0.0219183  0  -0.0219183
3.875  -0.0217023  0  -0.0217023
3.885  -0.0214268  0  -0.0214268
3.895  -0.0212639  0  -0.0212639
3.905  -0.0210354  0  -0.0210354
3.915  -0.0209372  0  -0.0209372
3.925  -0.0208373  0  -0.0208373
3.935  -0.0205211  0  -0.0205211
3.945  -0.020373  0  -0.020373
3.955  -0.0201665  0  -0.0201665
3.965  -0.0200086  0  -0.0200086
3.975  -0.0199427  0  -0.0199427
3.985  -0.0197496  0  -0.0197496
3.995  -0.0193786  0  -0.0193786
4.005  -0.0191428  0  -0.0191428
4.015  -0.0189833  0  -0.0189833
4.025  -0.0186436  0  -0.0186436
4.035  -0.0184422  0  -0.0184422
4.045  -0.0182728  0  -0.0182728
4.055  -0.0180275  0  -0.0180275
4.065  -0.0178918  0  -0.0178918
4.075  -0.0178656  0  -0.0178656
4.085  -0.017765  0  -0.017765
4.095  -0.0177701  0  -0.0177701
4.105  -0.0176786  0  -0.0176786
4.115  -0.0175814  0  -0.0175814
4.125  -0.0175305  0  -0.0175305
4.135  -0.0172601  0  -0.0172601
4.145  -0.0170275  0  -0.0170275
4.155  -0.0168736  0  -0.0168736
4.165  -0.0167892  0  -0.0167892
4.175  -0.0166315  0  -0.0166315
4.185  -0.0163427  0  -0.0163427
4.195  -0.0161462  0  -0.0161462
4.205  -0.0159814  0  -0.0159814
4.215  -0.0157478  0  -0.0157478
4.225  -0.0155863  0  -0.0155863
4.235  -0.0154  0  -0.0154
4.245  -0.0152321  0  -0.0152321
4.255  -0.0149837  0  -0.0149837
4.265  -0.0146517  0  -0.0146517
4.275  -0.0144126  0  -0.0144126
4.285  -0.0141395  0  -0.0141395
4.295  -0.0139249  0  -0.0139249
4.305  -0.0137395  0  -0.0137395
4.315  -0.0135328  0  -0.0135328
4.325  -0.0133405  0  -0.0133405
4.335  -0.0132331  0  -0.0132331
4.345  -0.0130813  0  -0.0130813
4.355  -0.0128849  0  -0.0128849
4.365  -0.0125351  0  -0.0125351
4.375  -0.0123277  0  -0.0123277
4.385  -0.0120637  0  -0.0120637
4.395  -0.0118692  0  -0.0118692
4.405  -0.0116578  0  -0.0116578
4.415  -0.0113985  0  -0.0113985
4.425  -0.0112215  0  -0.0112215
4.435  -0.0110021  0  -0.0110021
4.445  -0.0108346  0  -0.0108346
4.455  -0.0107399  0  -0.0107399
4.465  -0.0105018  0  -0.0105018
4.475  -0.0103946  0  -0.0103946
4.485  -0.0102838  0  -0.0102838
4.495  -0.0100085  0  -0.0100085
4.505  -0.00973143  0  -0.00973143
4.515  -0.0094015  0  -0.0094015
4.525  -0.00909709  0  -0.00909709
4.535  -0.00885055  0  -0.00885055
4.545  -0.00858681  0  -0.00858681
4.555  -0.00839997  0  -0.00839997
4.565  -0.00823883  0  -0.00823883
4.575  -0.00800374  0  -0.00800374
4.585  -0.00770376  0  -0.00770376
4.595  -0.00760727  0  -0.00760727
4.605  -0.00739455  0  -0.00739455
4.615  -0.0071747  0  -0.0071747
4.625  -0.00707174  0  -0.00707174
4.635  -0.00699095  0  -0.00699095
4.645  -0.00673309  0  -0.00673309
4.655  -0.00645991  0  -0.00645991
4.665  -0.00618666  0  -0.00618666
4.675  -0.00590858  0  -0.00590858
4.685  -0.00565559  0  -0.00565559
4.695  -0.00548065  0  -0.00548065
4.705  -0.00542397  0  -0.00542397
4.715  -0.00511741  0  -0.00511741
4.725  -0.00508427  0  -0.00508427
4.735  -0.00500573  0  -0.00500573
4.745  -0.00473014  0  -0.00473014
4.755  -0.00457869  0  -0.00457869
4.765  -0.00438516  0  -0.00438516
4.775  -0.00409096  0  -0.00409096
4.785  -0.00398113  0  -0.00398113
4.795  -0.0038497  0  -0.0038497
4.805  -0.00359897  0  -0.00359897
4.815  -0.00348023  0  -0.00348023
4.825  -0.00340845  0  -0.00340845
4.835  -0.00319772  0  -0.00319772
4.845  -0.00303026  0  -0.00303026
4.855  -0.00288775  0  -0.00288775
4.865  -0.00254653  0  -0.00254653
4.875  -0.00248439  0  -0.00248439
4.885  -0.0024266  0  -0.0024266
4.895  -0.00226306  0  -0.00226306
4.905  -0.00211486  0  -0.00211486
4.915  -0.00207574  0  -0.00207574
4.925  -0.00201182  0  -0.00201182
4.935  -0.00185762  0  -0.00185762
4.945  -0.00174658  0  -0.00174658
4.955  -0.00158485  0  -0.00158485
4.965  -0.00141219  0  -0.00141219
4.975  -0.00122808  0  -0.00122808
4.985  -0.00118215  0  -0.00118215
4.995  -0.00115564  0  -0.00115564
5.005  -0.0011139  0  -0.0011139
5.015  -0.000991698  0  -0.000991698
5.025  -0.000948321  0  -0.000948321
5.035  -0.00087325  0  -0.00087325
5.045  -0.000823975  0  -0.000823975
5.055  -0.000735697  0  -0.000735697
5.065  -0.000662735  0  -0.000662735
5.075  -0.000685212  0  -0.000685212
5.085  -0.000695504  0  -0.000695504
5.095  -0.00059647  0  -0.00059647
5.105  -0.000517118  0  -0.000517118
5.115  -0.000463524  0  -0.000463524
5.125  -0.000429663  0  -0.000429663
5.135  -0.000442975  0  -0.000442975
5.145  -0.000378096  0  -0.000378096
5.155  -0.000307022  0  -0.000307022
5.165  -0.00026459  0  -0.00026459
5.175  -0.000214258  0  -0.000214258
5.185  -0.000196644  0  -0.000196644
5.195  -0.000194913  0  -0.000194913
5.205  -0.000149527  0  -0.000149527
5.215  -0.000131088  0  -0.000131088
5.225  -0.000128788  0  -0.000128788
5.235  -9.00852e-05  0  -9.00852e-05
5.245  -8.8281e-05  0  -8.8281e-05
5.255  -8.21686e-05  0  -8.21686e-05
5.265  -7.63109e-05  0  -7.63109e-05
5.275  -6.63605e-05  0  -6.63605e-05
5.285  -6.90573e-05  0  -6.90573e-05
5.295  -6.5394e-05  0  -6.5394e-05
5.305  -5.11759e-05  0  -5.11759e-05
5.315  -4.65657e-05  0  -4.65657e-05
5.325  -4.92424e-05  0  -4.92424e-05
5.335  -4.02463e-05  0  -4.02463e-05
5.345  -4.3615e-05  0  -4.3615e-05
5.355  -3.08349e-05  0  -3.08349e-05
5.365  -3.30669e-05  0  -3.30669e-05
5.375  -3.04748e-05  0  -3.04748e-05
5.385  -2.50822e-05  0  -2.50822e-05
5.395  -3.34924e-05  0  -3.34924e-05
5.405  -3.9366e-05  0  -3.9366e-05
5.415  -4.04383e-05  0  -4.04383e-05
5.425  -2.0661e-05  0  -2.0661e-05
5.435  -6.64414e-06  0  -6.64414e-06
5.445  -6.59407e-06  0  -6.59407e-06
5.455  -6.59326e-06  0  -6.59326e-06
5.465  -6.59219e-06  0  -6.59219e-06
5.475  -6.59219e-06  0  -6.59219e-06
5.485  -6.59219e-06  0  -6.59219e-06
5.495  -8.10492e-06  0  -8.10492e-06
5.505  -8.50603e-06  0  -8.50603e-06
5.515  -8.50679e-06  0  -8.50679e-06
5.525  -8.95117e-06  0  -8.95117e-06
5.535  -9.93599e-06  0  -9.93599e-06
5.545  0  0  0
5.555  0  0  0
5.565  0  0  0
5.575  0  0  0
5.585  0  0  0
5.595  0  0  0
5.605  0  0  0
5.615  0  0  0
5.625  0  0  0
5.635  0  0  0
5.645  0  0  0
5.655  0  0  0
5.665  0  0  0
5.675  0  0  0
5.685  0  0  0
5.695  0  0  0
5.705  0  0  0
5.715  0  0  0
5.725  0  0  0
5.735  0  0  0
5.745  0  0  0
5.755  0  0  0
5.765  0  0  0
5.775  0  0  0
5.785  0  0  0
5.795  0  0  0
5.805  0  0  0
5.815  0  0  0
5.825  0  0  0
5.835  0  0  0
5.845  0  0  0
5.855  0  0  0
5.865  0  0  0
5.875  0  0  0
5.885  0  0  0
5.895  0  0  0
5.905  0  0  0
5.915  0  0  0
5.925  0  0  0
5.935  0  0  0
5.945  0  0  0
5.955  0  0  0
5.965  0  0  0
5.975  0  0  0
5.985  0  0  0
5.995  0  0  0
6.005  0  0  0
6.015  0  0  0
6.025  0  0  0
6.035  0  0  0
6.045  0  0  0
6.055  0  0  0
6.065  0  0  0
6.075  0  0  0
6.085  0  0  0
6.095  0  0  0
6.105  0  0  0
6.115  0  0  0
6.125  0  0  0
6.135  0  0  0
6.145  0  0  0
6.155  0  0  0
6.165  0  0  0
6.175  0  0  0
6.185  0  0  0
6.195  0  0  0
6.205  0  0  0
6.215  0  0  0
6.225  0  0  0
6.235  0  0  0
6.245  0  0  0
6.255  0  0  0
6.265  0  0  0
6.275  0  0  0
6.285  0  0  0
6.295  0  0  0
6.305  0  0  0
6.315  0  0  0
6.325  0  0  0
6.335  0  0  0
6.345  0  0  0
6.355  0  0  0
6.365  0  0  0
6.375  0  0  0
6.385  0  0  0
6.395  0  0  0
6.405  0  0  0
6.415  0  0  0
6.425  0  0  0
6.435  0  0  0
6.445  0  0  0
6.455  0  0  0
6.465  0  0  0
6.475  0  0  0
6.485  0  0  0
6.495  0  0  0
6.505  0  0  0
6.515  0  0  0
6.525  0  0  0
6.535  0  0  0
6.545  0  0  0
6.555  0  0  0
6.565  0  0  0
6.575  0  0  0
6.585  0  0  0
6.595  0  0  0
6.605  0  0  0
6.615  0  0  0
6.625  0  0  0
6.635  0  0  0
6.645  0  0  0
6.655  0  0  0
6.665  0  0  0
6.675  0  0  0
6.685  0  0  0
6.695  0  0  0
6.705  0  0  0
6.715  0  0  0
6.725  0  0  0
6.735  0  0  0
6.745  0  0  0
6.755  0  0  0
6.765  0  0  0
6.775  0  0  0
6.785  0  0  0
6.795  0  0  0
6.805  0  0  0
6.815  0  0  0
6.825  0  0  0
6.835  0  0  0
6.845  0  0  0
6.855  0  0  0
6.865  0  0  0
6.875  0  0  0
6.885  0  0  0
6.895  0  0  0
6.905  0  0  0
6.915  0  0  0
6.925  0  0  0
6.935  0  0  0
6.945  0  0  0
6.955  0  0  0
6.965  0  0  0
6.975  0  0  0
6.985  0  0  0
6.995  0  0  0
7.005  0  0  0
7.015  0  0  0
7.025  0  0  0
7.035  0  0  0
7.045  0  0  0
7.055  0  0  0
7.065  0  0  0
7.075  0  0  0
7.085  0  0  0
7.095  0  0  0
7.105  0  0  0
7.115  0  0  0
7.125  0  0  0
7.135  0  0  0
7.145  0  0  0
7.155  0  0  0
7.165  0  0  0
7.175  0  0  0
7.185  0  0  0
7.195  0  0  0
7.205  0  0  0
7.215  0  0  0
7.225  0  0  0
7.235  0  0  0
7.245  0  0  0
7.255  0  0  0
7.265  0  0  0
7.275  0  0  0
7.285  0  0  0
7.295  0  0  0
7.305  0  0  0
7.315  0  0  0
7.325  0  0  0
7.335  0  0  0
7.345  0  0  0
7.355  0  0  0
7.365  0  0  0
7.375  0  0  0
7.385  0  0  0
7.395  0  0  0
7.405  0  0  0
7.415  0  0  0
7.425  0  0  0
7.435  0  0  0
7.445  0  0  0
7.455  0  0  0
7.465  0  0  0
7.475  0  0  0
7.485  0  0  0
7.495  0  0  0
7.505  0  0  0
7.515  0  0  0
7.525  0  0  0
7.535  0  0  0
7.545  0  0  0
7.555  0  0  0
7.565  0  0  0
7.575  0  0  0
7.585  0  0  0
7.595  0  0  0
7.605  0  0  0
7.615  0  0  0
7.625  0  0  0
7.635  0  0  0
7.645  0  0  0
7.655  0  0  0
7.665  0  0  0
7.675  0  0  0
7.685  0  0  0
7.695  0  0  0
7.705  0  0  0
7.715  0  0  0
7.725  0  0  0
7.735  0  0  0
7.745  0  0  0
7.755  0  0  0
7.765  0  0  0
7.775  0  0  0
7.785  0  0  0
7.795  0  0  0
7.805  0  0  0
7.815  0  0  0
7.825  0  0  0
7.835  0  0  0
7.845  0  0  0
7.855  0  0  0
7.865  0  0  0
7.875  0  0  0
7.885  0  0  0
7.895  0  0  0
7.905  0  0  0
7.915  0  0  0
7.925  0  0  0
7.935  0  0  0
7.945  0  0  0
7.955  0  0  0
7.965  0  0  0
7.975  0  0  0
7.985  0  0  0
7.995  0  0  0
8.005  0  0  0
8.015  0  0  0
8.025  0  0  0
8.035  0  0  0
8.045  0  0  0
8.055  0  0  0
8.065  0  0  0
8.075  0  0  0
8.085  0  0  0
8.095  0  0  0
8.105  0  0  0
8.115  0  0  0
8.125  0  0  0
8.135  0  0  0
8.145  0  0  0
8.155  0  0  0
8.165  0  0  0
8.175  0  0  0
8.185  0  0  0
8.195  0  0  0
8.205  0  0  0
8.215  0  0  0
8.225  0  0  0
8.235  0  0  0
8.245  0  0  0
8.255  0  0  0
8.265  0  0  0
8.275  0  0  0
8.285  0  0  0
8.295  0  0  0
8.305  0  0  0
8.315  0  0  0
8.325  0  0  0
8.335  0  0  0
8.345  0  0  0
8.355  0  0  0
8.365  0  0  0
8.375  0  0  0
8.385  0  0  0
8.395  0  0  0
8.405  0  0  0
8.415  0  0  0
8.425  0  0  0
8.435  0  0  0
8.445  0  0  0
8.455  0  0  0
8.465  0  0  0
8.475  0  0  0
8.485  0  0  0
8.495  0  0  0
8.505  0  0  0
8.515  0  0  0
8.525  0  0  0
8.535  0  0  0
8.545  0  0  0
8.555  0  0  0
8.565  0  0  0
8.575  0  0  0
8.585  0  0  0
8.595  0  0  0
8.605  0  0  0
8.615  0  0  0
8.625  0  0  0
8.635  0  0  0
8.645  0  0  0
8.655  0  0  0
8.665  0  0  0
8.675  0  0  0
8.685  0  0  0
8.695  0  0  0
8.705  0  0  0
8.715  0  0  0
8.725  0  0  0
8.735  0  0  0
8.745  0  0  0
8.755  0  0  0
8.765  0  0  0
8.775  0  0  0
8.785  0  0  0
8.795  0  0  0
8.805  0  0  0
8.815  0  0  0
8.825  0  0  0
8.835  0  0  0
8.845  0  0  0
8.855  0  0  0
8.865  0  0  0
8.875  0  0  0
8.885  0  0  0
8.895  0  0  0
8.905  0  0  0
8.915  0  0  0
8.925  0  0  0
8.935  0  0  0
8.945  0  0  0
8.955  0  0  0
8.965  0  0  0
8.975  0  0  0
8.985  0  0  0
8.995  0  0  0
9.005  0  0  0
9.015  0  0  0
9.025  0  0  0
9.035  0  0  0
9.045  0  0  0
9.055  0  0  0
9.065  0  0  0
9.075  0  0  0
9.085  0  0  0
9.095  0  0  0
9.105  0  0  0
9.115  0  0  0
9.125  0  0  0
9.135  0  0  0
9.145  0  0  0
9.155  0  0  0
9.165  0  0  0
9.175  0  0  0
9.185  0  0  0
9.195  0  0  0
9.205  0  0  0
9.215  0  0  0
9.225  0  0  0
9.235  0  0  0
9.245  0  0  0
9.255  0  0  0
9.265  0  0  0
9.275  0  0  0
9.285  0  0  0
9.295  0  0  0
9.305  0  0  0
9.315  0  0  0
9.325  0  0  0
9.335  0  0  0
9.345  0  0  0
9.355  0  0  0
9.365  0  0  0
9.375  0  0  0
9.385  0  0  0
9.395  0  0  0
9.405  0  0  0
9.415  0  0  0
9.425  0  0  0
9.435  0  0  0
9.445  0  0  0
9.455  0  0  0
9.465  0  0  0
9.475  0  0  0
9.485  0  0  0
9.495  0  0  0
9.505  0  0  0
9.515  0  0  0
9.525  0  0  0
9.535  0  0  0
9.545  0  0  0
9.555  0  0  0
9.565  0  0  0
9.575  0  0  0
9.585  0  0  0
9.595  0  0  0
9.605  0  0  0
9.615  0  0  0
9.625  0  0  0
9.635  0  0  0
9.645  0  0  0
9.655  0  0  0
9.665  0  0  0
9.675  0  0  0
9.685  0  0  0
9.695  0  0  0
9.705  0  0  0
9.715  0  0  0
9.725  0  0  0
9.735  0  0  0
9.745  0  0  0
9.755  0  0  0
9.765  0  0  0
9.775  0  0  0
9.785  0  0  0
9.795  0  0  0
9.805  0  0  0
9.815  0  0  0
9.825  0  0  0
9.835  0  0  0
9.845  0  0  0
9.855  0  0  0
9.865  0  0  0
9.875  0  0  0
9.885  0  0  0
9.895  0  0  0
9.905  0  0  0
9.915  0  0  0
9.925  0  0  0
9.935  0  0  0
9.945  0  0  0
9.955  0  0  0
9.965  0  0  0
9.975  0  0  0
9.985  0  0  0
9.995  0  0  0
