0.005  -0.976568  -0.67753  -0.299038
0.015  -1.00164  -0.696166  -0.305477
0.025  -1.00869  -0.705189  -0.303501
0.035  -1.0138  -0.711199  -0.3026
0.045  -1.01675  -0.7147  -0.302053
0.055  -1.01618  -0.715392  -0.300786
0.065  -1.01672  -0.717572  -0.299147
0.075  -1.02375  -0.725788  -0.297958
0.085  -1.02826  -0.733347  -0.294912
0.095  -1.03326  -0.739958  -0.293303
0.105  -1.03635  -0.744875  -0.291477
0.115  -1.03891  -0.750414  -0.288501
0.125  -1.04188  -0.755054  -0.286827
0.135  -1.04281  -0.757956  -0.284851
0.145  -1.04048  -0.756778  -0.2837
0.155  -1.04115  -0.757759  -0.283388
0.165  -1.03903  -0.757629  -0.2814
0.175  -1.03377  -0.753379  -0.280391
0.185  -1.03032  -0.750969  -0.279346
0.195  -1.03163  -0.755517  -0.276111
0.205  -1.03485  -0.759873  -0.27498
0.215  -1.0346  -0.761362  -0.273235
0.225  -1.03411  -0.763263  -0.270847
0.235  -1.03282  -0.763086  -0.269738
0.245  -1.03125  -0.763154  -0.268094
0.255  -1.03468  -0.768139  -0.266545
0.265  -1.03938  -0.773765  -0.265614
0.275  -1.04103  -0.777128  -0.263904
0.285  -1.04131  -0.778866  -0.262449
0.295  -1.04477  -0.78312  -0.261649
0.305  -1.05367  -0.793523  -0.260145
0.315  -1.06225  -0.80382  -0.258435
0.325  -1.06781  -0.810366  -0.257447
0.335  -1.0753  -0.819003  -0.256301
0.345  -1.08537  -0.830027  -0.255347
0.355  -1.09259  -0.837902  -0.254691
0.365  -1.10013  -0.846556  -0.253577
0.375  -1.10868  -0.856174  -0.252507
0.385  -1.1153  -0.865099  -0.250204
0.395  -1.11936  -0.871839  -0.247524
0.405  -1.12706  -0.880666  -0.246394
0.415  -1.13284  -0.887616  -0.24522
0.425  -1.12665  -0.883353  -0.243295
0.435  -1.12601  -0.88402  -0.241986
0.445  -1.13496  -0.895056  -0.239903
0.455  -1.14205  -0.902855  -0.239191
0.465  -1.14419  -0.905442  -0.238749
0.475  -1.14681  -0.909182  -0.237627
0.485  -1.15016  -0.913387  -0.236778
0.495  -1.15193  -0.91629  -0.23564
0.505  -1.15528  -0.922045  -0.233235
0.515  -1.15926  -0.927596  -0.231667
0.525  -1.16599  -0.935204  -0.230781
0.535  -1.16979  -0.940343  -0.22945
0.545  -1.17868  -0.949824  -0.228857
0.555  -1.19189  -0.964494  -0.227396
0.565  -1.19781  -0.972332  -0.225473
0.575  -1.19745  -0.973441  -0.22401
0.585  -1.20315  -0.981018  -0.22213
0.595  -1.21373  -0.993236  -0.220497
0.605  -1.22265  -1.00312  -0.219528
0.615  -1.23232  -1.01362  -0.2187
0.625  -1.24386  -1.02631  -0.217549
0.635  -1.25353  -1.03617  -0.217353
0.645  -1.26399  -1.04683  -0.217156
0.655  -1.27587  -1.05947  -0.216395
0.665  -1.28383  -1.06841  -0.215419
0.675  -1.2936  -1.07967  -0.21393
0.685  -1.30616  -1.09416  -0.212002
0.695  -1.31508  -1.10415  -0.210925
0.705  -1.32456  -1.11435  -0.210207
0.715  -1.33559  -1.12622  -0.209364
0.725  -1.34504  -1.13653  -0.208507
0.735  -1.35641  -1.14919  -0.207225
0.745  -1.36622  -1.16071  -0.205509
0.755  -1.37361  -1.16912  -0.204489
0.765  -1.38412  -1.18056  -0.203561
0.775  -1.39453  -1.1918  -0.202726
0.785  -1.40418  -1.2022  -0.201983
0.795  -1.40702  -1.20607  -0.200954
0.805  -1.41721  -1.2174  -0.199803
0.815  -1.43117  -1.23181  -0.199363
0.825  -1.44485  -1.24633  -0.198522
0.835  -1.45937  -1.26184  -0.197534
0.845  -1.47726  -1.28097  -0.196289
0.855  -1.4906  -1.29564  -0.194963
0.865  -1.50059  -1.30675  -0.193833
0.875  -1.51096  -1.31774  -0.193218
0.885  -1.5219  -1.32934  -0.19256
0.895  -1.53197  -1.34015  -0.191826
0.905  -1.54737  -1.35642  -0.190952
0.915  -1.56005  -1.37059  -0.189464
0.925  -1.57375  -1.3854  -0.188357
0.935  -1.59086  -1.4035  -0.187362
0.945  -1.60856  -1.42183  -0.186733
0.955  -1.6196  -1.43315  -0.186448
0.965  -1.63434  -1.44876  -0.185584
0.975  -1.66063  -1.47661  -0.184016
0.985  -1.67951  -1.4972  -0.182318
0.995  -1.69557  -1.51463  -0.180945
1.005  -1.72058  -1.54091  -0.179669
1.015  -1.74243  -1.56376  -0.178677
1.025  -1.76048  -1.58239  -0.178088
1.035  -1.78308  -1.60612  -0.176957
1.045  -1.81092  -1.63519  -0.175725
1.055  -1.83898  -1.66409  -0.174888
1.065  -1.8532  -1.67942  -0.173778
1.075  -1.87045  -1.69736  -0.173095
1.085  -1.89258  -1.71993  -0.172654
1.095  -1.91664  -1.74464  -0.172
1.105  -1.94596  -1.77478  -0.171188
1.115  -1.96525  -1.79511  -0.170138
1.125  -1.98638  -1.81753  -0.16885
1.135  -2.00888  -1.84102  -0.167866
1.145  -2.03066  -1.86372  -0.166939
1.155  -2.05266  -1.88677  -0.165894
1.165  -2.06823  -1.90315  -0.165086
1.175  -2.08588  -1.922  -0.163879
1.185  -2.10841  -1.94577  -0.162638
1.195  -2.12592  -1.96438  -0.161544
1.205  -2.13734  -1.97645  -0.160892
1.215  -2.14369  -1.98335  -0.160338
1.225  -2.14216  -1.98276  -0.159399
1.235  -2.1387  -1.98025  -0.158452
1.245  -2.13129  -1.97348  -0.157811
1.255  -2.1077  -1.95038  -0.157313
1.265  -2.06213  -1.9053  -0.156839
1.275  -2.0099  -1.85362  -0.156282
1.285  -1.94502  -1.78914  -0.155878
1.295  -1.86002  -1.7044  -0.155624
1.305  -1.73816  -1.5833  -0.154861
1.315  -1.60223  -1.44804  -0.154191
1.325  -1.47812  -1.32479  -0.153333
1.335  -1.3425  -1.1899  -0.152603
1.345  -1.20599  -1.05341  -0.152578
1.355  -1.08603  -0.934174  -0.15186
1.365  -0.967293  -0.81619  -0.151103
1.375  -0.86417  -0.713793  -0.150377
1.385  -0.772666  -0.622931  -0.149735
1.395  -0.698371  -0.549238  -0.149133
1.405  -0.634663  -0.485914  -0.148748
1.415  -0.583193  -0.43468  -0.148513
1.425  -0.548004  -0.399802  -0.148202
1.435  -0.521573  -0.373782  -0.147791
1.445  -0.500329  -0.352522  -0.147807
1.455  -0.48528  -0.337818  -0.147462
1.465  -0.475651  -0.328769  -0.146882
1.475  -0.470337  -0.323845  -0.146492
1.485  -0.460868  -0.314889  -0.145979
1.495  -0.451695  -0.306484  -0.145211
1.505  -0.445897  -0.301619  -0.144277
1.515  -0.443755  -0.300158  -0.143598
1.525  -0.436149  -0.292946  -0.143203
1.535  -0.433069  -0.290432  -0.142637
1.545  -0.428006  -0.286142  -0.141863
1.555  -0.425462  -0.28458  -0.140882
1.565  -0.42584  -0.28589  -0.13995
1.575  -0.425127  -0.285181  -0.139946
1.585  -0.425027  -0.285476  -0.139552
1.595  -0.424848  -0.285811  -0.139037
1.605  -0.429588  -0.291126  -0.138462
1.615  -0.430526  -0.292162  -0.138364
1.625  -0.427896  -0.290092  -0.137804
1.635  -0.428328  -0.291358  -0.13697
1.645  -0.428271  -0.291773  -0.136498
1.655  -0.428047  -0.291825  -0.136222
1.665  -0.423962  -0.288118  -0.135844
1.675  -0.418788  -0.283233  -0.135555
1.685  -0.415613  -0.280532  -0.135081
1.695  -0.412163  -0.277737  -0.134426
1.705  -0.405069  -0.271148  -0.133921
1.715  -0.397588  -0.264284  -0.133305
1.725  -0.384755  -0.25245  -0.132306
1.735  -0.371967  -0.240432  -0.131535
1.745  -0.36109  -0.23021  -0.13088
1.755  -0.344855  -0.214416  -0.130439
1.765  -0.326984  -0.197011  -0.129973
1.775  -0.31507  -0.185767  -0.129303
1.785  -0.299767  -0.171187  -0.12858
1.795  -0.286188  -0.158436  -0.127752
1.805  -0.272151  -0.145526  -0.126626
1.815  -0.261766  -0.135549  -0.126217
1.825  -0.251188  -0.125826  -0.125363
1.835  -0.242339  -0.117678  -0.124661
1.845  -0.232515  -0.108866  -0.123649
1.855  -0.221795  -0.0993751  -0.12242
1.865  -0.212203  -0.0908951  -0.121308
1.875  -0.205256  -0.084811  -0.120445
1.885  -0.199923  -0.0807623  -0.119161
1.895  -0.194587  -0.0766108  -0.117976
1.905  -0.186794  -0.0697207  -0.117073
1.915  -0.180111  -0.0648131  -0.115298
1.925  -0.174052  -0.0608739  -0.113178
1.935  -0.170168  -0.0580716  -0.112096
1.945  -0.16363  -0.0529595  -0.110671
1.955  -0.156463  -0.0479386  -0.108524
1.965  -0.154731  -0.0479513  -0.106779
1.975  -0.149368  -0.0449464  -0.104422
1.985  -0.144122  -0.0412645  -0.102857
1.995  -0.142533  -0.0413844  -0.101148
2.005  -0.13996  -0.0407358  -0.0992242
2.015  -0.134972  -0.0378878  -0.097084
2.025  -0.130525  -0.0355942  -0.0949306
2.035  -0.126548  -0.033963  -0.0925849
2.045  -0.120235  -0.0299429  -0.0902922
2.055  -0.11615  -0.0288592  -0.087291
2.065  -0.111585  -0.0268157  -0.0847692
2.075  -0.107853  -0.0252776  -0.0825756
2.085  -0.10486  -0.0245139  -0.0803464
2.095  -0.100527  -0.0226396  -0.0778877
2.105  -0.0965222  -0.0207682  -0.0757539
2.115  -0.0941843  -0.0203645  -0.0738198
2.125  -0.0904871  -0.0187334  -0.0717537
2.135  -0.0854371  -0.0159697  -0.0694674
2.145  -0.0814933  -0.0140316  -0.0674618
2.155  -0.078956  -0.0135726  -0.0653834
2.165  -0.0753321  -0.0121257  -0.0632064
2.175  -0.0723127  -0.0111572  -0.0611555
2.185  -0.0708257  -0.0111698  -0.0596559
2.195  -0.0678866  -0.00968425  -0.0582023
2.205  -0.0651273  -0.00862605  -0.0565013
2.215  -0.0632562  -0.0084405  -0.0548157
2.225  -0.0604433  -0.00703546  -0.0534079
2.235  -0.0576376  -0.00528061  -0.052357
2.245  -0.0553206  -0.00429953  -0.051021
2.255  -0.0531643  -0.00344844  -0.0497158
2.265  -0.0510763  -0.0026898  -0.0483865
2.275  -0.049855  -0.00204674  -0.0478083
2.285  -0.0490349  -0.00187226  -0.0471626
2.295  -0.0478409  -0.00164356  -0.0461973
2.305  -0.0464769  -0.00137524  -0.0451016
2.315  -0.0454951  -0.00109498  -0.0444001
2.325  -0.0440821  -0.000430602  -0.0436515
2.335  -0.0431191  -0.000236071  -0.042883
2.345  -0.0425855  -0.000294725  -0.0422908
2.355  -0.0420614  -0.00023937  -0.0418221
2.365  -0.0416772  -0.000234601  -0.0414426
2.375  -0.0412881  -0.000226114  -0.041062
2.385  -0.0406198  -0.000209595  -0.0404102
2.395  -0.0400873  -0.000165595  -0.0399217
2.405  -0.0398336  -0.000212704  -0.0396209
2.415  -0.0395941  -0.000266514  -0.0393276
2.425  -0.0394053  -0.000368809  -0.0390365
2.435  -0.0392787  -0.000413629  -0.0388651
2.445  -0.0389225  -0.000298749  -0.0386238
2.455  -0.0384183  -0.000263976  -0.0381543
2.465  -0.0378257  -0.000167231  -0.0376585
2.475  -0.0374694  -0.000233831  -0.0372355
2.485  -0.0368708  0  -0.0368708
2.495  -0.0365268  0  -0.0365268
2.505  -0.0364421  0  -0.0364421
2.515  -0.0363329  0  -0.0363329
2.525  -0.0361214  0  -0.0361214
2.535  -0.0358144  0  -0.0358144
2.545  -0.0357073  0  -0.0357073
2.555  -0.035424  0  -0.035424
2.565  -0.0352041  0  -0.0352041
2.575  -0.0348741  0  -0.0348741
2.585  -0.0349651  0  -0.0349651
2.595  -0.0349498  0  -0.0349498
2.605  -0.0347615  0  -0.0347615
2.615  -0.0345589  0  -0.0345589
2.625  -0.0342374  0  -0.0342374
2.635  -0.0342573  0  -0.0342573
2.645  -0.0340207  0  -0.0340207
2.655  -0.0336818  0  -0.0336818
2.665  -0.0335459  0  -0.0335459
2.675  -0.0333238  0  -0.0333238
2.685  -0.0331577  0  -0.0331577
2.695  -0.0330062  0  -0.0330062
2.705  -0.0328479  0  -0.0328479
2.715  -0.0326298  0  -0.0326298
2.725  -0.0322471  0  -0.0322471
2.735  -0.032064  0  -0.032064
2.745  -0.0318101  0  -0.0318101
2.755  -0.0315367  0  -0.0315367
2.765  -0.0315552  0  -0.0315552
2.775  -0.0316115  0  -0.0316115
2.785  -0.0313771  0  -0.0313771
2.795  -0.0311797  0  -0.0311797
2.805  -0.0311233  0  -0.0311233
2.815  -0.0310594  0  -0.0310594
2.825  -0.0307948  0  -0.0307948
2.835  -0.0305067  0  -0.0305067
2.845  -0.0303064  0  -0.0303064
2.855  -0.0299277  0  -0.0299277
2.865  -0.0296022  0  -0.0296022
2.875  -0.0296928  0  -0.0296928
2.885  -0.0295211  0  -0.0295211
2.895  -0.0292164  0  -0.0292164
2.905  -0.0291039  0  -0.0291039
2.915  -0.0289594  0  -0.0289594
2.925  -0.0287259  0  -0.0287259
2.935  -0.0285452  0  -0.0285452
2.945  -0.0283222  0  -0.0283222
2.955  -0.0279844  0  -0.0279844
2.965  -0.0277308  0  -0.0277308
2.975  -0.0274519  0  -0.0274519
2.985  -0.0273233  0  -0.0273233
2.995  -0.0272764  0  -0.0272764
3.005  -0.027162  0  -0.027162
3.015  -0.0270983  0  -0.0270983
3.025  -0.0270264  0  -0.0270264
3.035  -0.0267444  0  -0.0267444
3.045  -0.0265757  0  -0.0265757
3.055  -0.0261823  0  -0.0261823
3.065  -0.0259748  0  -0.0259748
3.075  -0.025772  0  -0.025772
3.085  -0.0253839  0  -0.0253839
3.095  -0.0252508  0  -0.0252508
3.105  -0.0249837  0  -0.0249837
3.115  -0.024594  0  -0.024594
3.125  -0.0244326  0  -0.0244326
3.135  -0.0242481  0  -0.0242481
3.145  -0.0240033  0  -0.0240033
3.155  -0.023929  0  -0.023929
3.165  -0.0238456  0  -0.0238456
3.175  -0.0237842  0  -0.0237842
3.185  -0.0236369  0  -0.0236369
3.195  -0.0236347  0  -0.0236347
3.205  -0.0234467  0  -0.0234467
3.215  -0.0232042  0  -0.0232042
3.225  -0.0229933  0  -0.0229933
3.235  -0.0227995  0  -0.0227995
3.245  -0.0226539  0  -0.0226539
3.255  -0.0224353  0  -0.0224353
3.265  -0.0223545  0  -0.0223545
3.275  -0.0221029  0  -0.0221029
3.285  -0.0217326  0  -0.0217326
3.295  -0.0214288  0  -0.0214288
3.305  -0.0210732  0  -0.0210732
3.315  -0.0208791  0  -0.0208791
3.325  -0.0207861  0  -0.0207861
3.335  -0.0205557  0  -0.0205557
3.345  -0.0203882  0  -0.0203882
3.355  -0.0203664  0  -0.0203664
3.365  -0.0204234  0  -0.0204234
3.375  -0.0204096  0  -0.0204096
3.385  -0.0201061  0  -0.0201061
3.395  -0.0199037  0  -0.0199037
3.405  -0.0196862  0  -0.0196862
3.415  -0.0192911  0  -0.0192911
3.425  -0.0189428  0  -0.0189428
3.435  -0.0187319  0  -0.0187319
3.445  -0.0185587  0  -0.0185587
3.455  -0.0184386  0  -0.0184386
3.465  -0.0182917  0  -0.0182917
3.475  -0.0181309  0  -0.0181309
3.485  -0.01792  0  -0.01792
3.495  -0.0177575  0  -0.0177575
3.505  -0.0177144  0  -0.0177144
3.515  -0.0175585  0  -0.0175585
3.525  -0.0173116  0  -0.0173116
3.535  -0.0172869  0  -0.0172869
3.545  -0.0171827  0  -0.0171827
3.555  -0.0171551  0  -0.0171551
3.565  -0.0170917  0  -0.0170917
3.575  -0.0167854  0  -0.0167854
3.585  -0.0166329  0  -0.0166329
3.595  -0.0164669  0  -0.0164669
3.605  -0.0163556  0  -0.0163556
3.615  -0.0160934  0  -0.0160934
3.625  -0.0158568  0  -0.0158568
3.635  -0.0157366  0  -0.0157366
3.645  -0.0157196  0  -0.0157196
3.655  -0.0155277  0  -0.0155277
3.665  -0.0154061  0  -0.0154061
3.675  -0.0153289  0  -0.0153289
3.685  -0.0152142  0  -0.0152142
3.695  -0.0149146  0  -0.0149146
3.705  -0.0146607  0  -0.0146607
3.715  -0.0144614  0  -0.0144614
3.725  -0.0142688  0  -0.0142688
3.735  -0.0140635  0  -0.0140635
3.745  -0.0138932  0  -0.0138932
3.755  -0.0137318  0  -0.0137318
3.765  -0.0136328  0  -0.0136328
3.775  -0.013473  0  -0.013473
3.785  -0.0134343  0  -0.0134343
3.795  -0.0133102  0  -0.0133102
3.805  -0.0132146  0  -0.0132146
3.815  -0.0131115  0  -0.0131115
3.825  -0.0129756  0  -0.0129756
3.835  -0.0129258  0  -0.0129258
3.845  -0.0128308  0  -0.0128308
3.855  -0.0127005  0  -0.0127005
3.865  -0.0126248  0  -0.0126248
3.875  -0.0123753  0  -0.0123753
3.885  -0.0122654  0  -0.0122654
3.895  -0.0121613  0  -0.0121613
3.905  -0.0120312  0  -0.0120312
3.915  -0.0118213  0  -0.0118213
3.925  -0.0116421  0  -0.0116421
3.935  -0.0115055  0  -0.0115055
3.945  -0.0113343  0  -0.0113343
3.955  -0.0111232  0  -0.0111232
3.965  -0.0110332  0  -0.0110332
3.975  -0.0108079  0  -0.0108079
3.985  -0.01066  0  -0.01066
3.995  -0.0105427  0  -0.0105427
4.005  -0.0104918  0  -0.0104918
4.015  -0.0102936  0  -0.0102936
4.025  -0.0101157  0  -0.0101157
4.035  -0.00994941  0  -0.00994941
4.045  -0.0097426  0  -0.0097426
4.055  -0.00974478  0  -0.00974478
4.065  -0.00967373  0  -0.00967373
4.075  -0.00964741  0  -0.00964741
4.085  -0.00953777  0  -0.00953777
4.095  -0.00942055  0  -0.00942055
4.105  -0.00926997  0  -0.00926997
4.115  -0.00914796  0  -0.00914796
4.125  -0.00892695  0  -0.00892695
4.135  -0.00885152  0  -0.00885152
4.145  -0.00850347  0  -0.00850347
4.155  -0.00827631  0  -0.00827631
4.165  -0.00822387  0  -0.00822387
4.175  -0.00825767  0  -0.00825767
4.185  -0.00831588  0  -0.00831588
4.195  -0.0081999  0  -0.0081999
4.205  -0.00801428  0  -0.00801428
4.215  -0.00805074  0  -0.00805074
4.225  -0.00797446  0  -0.00797446
4.235  -0.00789345  0  -0.00789345
4.245  -0.00776155  0  -0.00776155
4.255  -0.00756709  0  -0.00756709
4.265  -0.00748454  0  -0.00748454
4.275  -0.00741597  0  -0.00741597
4.285  -0.00735735  0  -0.00735735
4.295  -0.00715984  0  -0.00715984
4.305  -0.00701993  0  -0.00701993
4.315  -0.00698819  0  -0.00698819
4.325  -0.0070121  0  -0.0070121
4.335  -0.00692239  0  -0.00692239
4.345  -0.00675662  0  -0.00675662
4.355  -0.00656782  0  -0.00656782
4.365  -0.00648387  0  -0.00648387
4.375  -0.00636711  0  -0.00636711
4.385  -0.00617157  0  -0.00617157
4.395  -0.00604444  0  -0.00604444
4.405  -0.00601356  0  -0.00601356
4.415  -0.00593477  0  -0.00593477
4.425  -0.00578748  0  -0.00578748
4.435  -0.00573084  0  -0.00573084
4.445  -0.00572102  0  -0.00572102
4.455  -0.00565191  0  -0.00565191
4.465  -0.00555377  0  -0.00555377
4.475  -0.00547798  0  -0.00547798
4.485  -0.00525251  0  -0.00525251
4.495  -0.00503167  0  -0.00503167
4.505  -0.00494861  0  -0.00494861
4.515  -0.0048553  0  -0.0048553
4.525  -0.00468043  0  -0.00468043
4.535  -0.00470879  0  -0.00470879
4.545  -0.00449256  0  -0.00449256
4.555  -0.00435131  0  -0.00435131
4.565  -0.00416811  0  -0.00416811
4.575  -0.00392961  0  -0.00392961
4.585  -0.00368833  0  -0.00368833
4.595  -0.00355409  0  -0.00355409
4.605  -0.00341542  0  -0.00341542
4.615  -0.00329972  0  -0.00329972
4.625  -0.00330499  0  -0.00330499
4.635  -0.00322237  0  -0.00322237
4.645  -0.00306576  0  -0.00306576
4.655  -0.0030426  0  -0.0030426
4.665  -0.00300875  0  -0.00300875
4.675  -0.00296204  0  -0.00296204
4.685  -0.00283971  0  -0.00283971
4.695  -0.00264718  0  -0.00264718
4.705  -0.0024898  0  -0.0024898
4.715  -0.00234821  0  -0.00234821
4.725  -0.00231071  0  -0.00231071
4.735  -0.00226511  0  -0.00226511
4.745  -0.00224373  0  -0.00224373
4.755  -0.00211538  0  -0.00211538
4.765  -0.00206734  0  -0.00206734
4.775  -0.0019309  0  -0.0019309
4.785  -0.00176284  0  -0.00176284
4.795  -0.00161593  0  -0.00161593
4.805  -0.00149913  0  -0.00149913
4.815  -0.00138888  0  -0.00138888
4.825  -0.00132337  0  -0.00132337
4.835  -0.00127135  0  -0.00127135
4.845  -0.00122255  0  -0.00122255
4.855  -0.00116691  0  -0.00116691
4.865  -0.00110432  0  -0.00110432
4.875  -0.00107355  0  -0.00107355
4.885  -0.00102025  0  -0.00102025
4.895  -0.000954964  0  -0.000954964
4.905  -0.000872249  0  -0.000872249
4.915  -0.000820049  0  -0.000820049
4.925  -0.00079014  0  -0.00079014
4.935  -0.00074465  0  -0.00074465
4.945  -0.000673466  0  -0.000673466
4.955  -0.000650048  0  -0.000650048
4.965  -0.00060536  0  -0.00060536
4.975  -0.00056051  0  -0.00056051
4.985  -0.000480947  0  -0.000480947
4.995  -0.000451062  0  -0.000451062
5.005  -0.000441468  0  -0.000441468
5.015  -0.000392711  0  -0.000392711
5.025  -0.000361138  0  -0.000361138
5.035  -0.000351246  0  -0.000351246
5.045  -0.000299337  0  -0.000299337
5.055  -0.000248623  0  -0.000248623
5.065  -0.000201502  0  -0.000201502
5.075  -0.000241446  0  -0.000241446
5.085  -0.000237145  0  -0.000237145
5.095  -0.000212537  0  -0.000212537
5.105  -0.000179047  0  -0.000179047
5.115  -0.00015628  0  -0.00015628
5.125  -0.000135957  0  -0.000135957
5.135  -0.00012848  0  -0.00012848
5.145  -0.00011068  0  -0.00011068
5.155  -9.75743e-05  0  -9.75743e-05
5.165  -8.62167e-05  0  -8.62167e-05
5.175  -7.54255e-05  0  -7.54255e-05
5.185  -8.76632e-05  0  -8.76632e-05
5.195  -7.21312e-05  0  -7.21312e-05
5.205  -7.80285e-05  0  -7.80285e-05
5.215  -4.99575e-05  0  -4.99575e-05
5.225  -5.32053e-05  0  -5.32053e-05
5.235  -4.87171e-05  0  -4.87171e-05
5.245  -3.65046e-05  0  -3.65046e-05
5.255  -2.11877e-05  0  -2.11877e-05
5.265  -2.16996e-05  0  -2.16996e-05
5.275  -1.50833e-05  0  -1.50833e-05
5.285  -5.28601e-06  0  -5.28601e-06
5.295  -8.96177e-06  0  -8.96177e-06
5.305  -1.17224e-05  0  -1.17224e-05
5.315  -7.79442e-06  0  -7.79442e-06
5.325  0  0  0
5.335  0  0  0
5.345  0  0  0
5.355  0  0  0
5.365  0  0  0
5.375  0  0  0
5.385  0  0  0
5.395  0  0  0
5.405  0  0  0
5.415  0  0  0
5.425  0  0  0
5.435  0  0  0
5.445  0  0  0
5.455  0  0  0
5.465  0  0  0
5.475  0  0  0
5.485  0  0  0
5.495  0  0  0
5.505  0  0  0
5.515  0  0  0
5.525  0  0  0
5.535  0  0  0
5.545  0  0  0
5.555  0  0  0
5.565  0  0  0
5.575  0  0  0
5.585  0  0  0
5.595  0  0  0
5.605  0  0  0
5.615  0  0  0
5.625  0  0  0
5.635  0  0  0
5.645  0  0  0
5.655  0  0  0
5.665  0  0  0
5.675  0  0  0
5.685  0  0  0
5.695  0  0  0
5.705  0  0  0
5.715  0  0  0
5.725  0  0  0
5.735  0  0  0
5.745  0  0  0
5.755  0  0  0
5.765  0  0  0
5.775  0  0  0
5.785  0  0  0
5.795  0  0  0
5.805  0  0  0
5.815  0  0  0
5.825  0  0  0
5.835  0  0  0
5.845  0  0  0
5.855  0  0  0
5.865  0  0  0
5.875  0  0  0
5.885  0  0  0
5.895  0  0  0
5.905  0  0  0
5.915  0  0  0
5.925  0  0  0
5.935  0  0  0
5.945  0  0  0
5.955  0  0  0
5.965  0  0  0
5.975  0  0  0
5.985  0  0  0
5.995  0  0  0
6.005  0  0  0
6.015  0  0  0
6.025  0  0  0
6.035  0  0  0
6.045  0  0  0
6.055  0  0  0
6.065  0  0  0
6.075  0  0  0
6.085  0  0  0
6.095  0  0  0
6.105  0  0  0
6.115  0  0  0
6.125  0  0  0
6.135  0  0  0
6.145  0  0  0
6.155  0  0  0
6.165  0  0  0
6.175  0  0  0
6.185  0  0  0
6.195  0  0  0
6.205  0  0  0
6.215  0  0  0
6.225  0  0  0
6.235  0  0  0
6.245  0  0  0
6.255  0  0  0
6.265  0  0  0
6.275  0  0  0
6.285  0  0  0
6.295  0  0  0
6.305  0  0  0
6.315  0  0  0
6.325  0  0  0
6.335  0  0  0
6.345  0  0  0
6.355  0  0  0
6.365  0  0  0
6.375  0  0  0
6.385  0  0  0
6.395  0  0  0
6.405  0  0  0
6.415  0  0  0
6.425  0  0  0
6.435  0  0  0
6.445  0  0  0
6.455  0  0  0
6.465  0  0  0
6.475  0  0  0
6.485  0  0  0
6.495  0  0  0
6.505  0  0  0
6.515  0  0  0
6.525  0  0  0
6.535  0  0  0
6.545  0  0  0
6.555  0  0  0
6.565  0  0  0
6.575  0  0  0
6.585  0  0  0
6.595  0  0  0
6.605  0  0  0
6.615  0  0  0
6.625  0  0  0
6.635  0  0  0
6.645  0  0  0
6.655  0  0  0
6.665  0  0  0
6.675  0  0  0
6.685  0  0  0
6.695  0  0  0
6.705  0  0  0
6.715  0  0  0
6.725  0  0  0
6.735  0  0  0
6.745  0  0  0
6.755  0  0  0
6.765  0  0  0
6.775  0  0  0
6.785  0  0  0
6.795  0  0  0
6.805  0  0  0
6.815  0  0  0
6.825  0  0  0
6.835  0  0  0
6.845  0  0  0
6.855  0  0  0
6.865  0  0  0
6.875  0  0  0
6.885  0  0  0
6.895  0  0  0
6.905  0  0  0
6.915  0  0  0
6.925  0  0  0
6.935  0  0  0
6.945  0  0  0
6.955  0  0  0
6.965  0  0  0
6.975  0  0  0
6.985  0  0  0
6.995  0  0  0
7.005  0  0  0
7.015  0  0  0
7.025  0  0  0
7.035  0  0  0
7.045  0  0  0
7.055  0  0  0
7.065  0  0  0
7.075  0  0  0
7.085  0  0  0
7.095  0  0  0
7.105  0  0  0
7.115  0  0  0
7.125  0  0  0
7.135  0  0  0
7.145  0  0  0
7.155  0  0  0
7.165  0  0  0
7.175  0  0  0
7.185  0  0  0
7.195  0  0  0
7.205  0  0  0
7.215  0  0  0
7.225  0  0  0
7.235  0  0  0
7.245  0  0  0
7.255  0  0  0
7.265  0  0  0
7.275  0  0  0
7.285  0  0  0
7.295  0  0  0
7.305  0  0  0
7.315  0  0  0
7.325  0  0  0
7.335  0  0  0
7.345  0  0  0
7.355  0  0  0
7.365  0  0  0
7.375  0  0  0
7.385  0  0  0
7.395  0  0  0
7.405  0  0  0
7.415  0  0  0
7.425  0  0  0
7.435  0  0  0
7.445  0  0  0
7.455  0  0  0
7.465  0  0  0
7.475  0  0  0
7.485  0  0  0
7.495  0  0  0
7.505  0  0  0
7.515  0  0  0
7.525  0  0  0
7.535  0  0  0
7.545  0  0  0
7.555  0  0  0
7.565  0  0  0
7.575  0  0  0
7.585  0  0  0
7.595  0  0  0
7.605  0  0  0
7.615  0  0  0
7.625  0  0  0
7.635  0  0  0
7.645  0  0  0
7.655  0  0  0
7.665  0  0  0
7.675  0  0  0
7.685  0  0  0
7.695  0  0  0
7.705  0  0  0
7.715  0  0  0
7.725  0  0  0
7.735  0  0  0
7.745  0  0  0
7.755  0  0  0
7.765  0  0  0
7.775  0  0  0
7.785  0  0  0
7.795  0  0  0
7.805  0  0  0
7.815  0  0  0
7.825  0  0  0
7.835  0  0  0
7.845  0  0  0
7.855  0  0  0
7.865  0  0  0
7.875  0  0  0
7.885  0  0  0
7.895  0  0  0
7.905  0  0  0
7.915  0  0  0
7.925  0  0  0
7.935  0  0  0
7.945  0  0  0
7.955  0  0  0
7.965  0  0  0
7.975  0  0  0
7.985  0  0  0
7.995  0  0  0
8.005  0  0  0
8.015  0  0  0
8.025  0  0  0
8.035  0  0  0
8.045  0  0  0
8.055  0  0  0
8.065  0  0  0
8.075  0  0  0
8.085  0  0  0
8.095  0  0  0
8.105  0  0  0
8.115  0  0  0
8.125  0  0  0
8.135  0  0  0
8.145  0  0  0
8.155  0  0  0
8.165  0  0  0
8.175  0  0  0
8.185  0  0  0
8.195  0  0  0
8.205  0  0  0
8.215  0  0  0
8.225  0  0  0
8.235  0  0  0
8.245  0  0  0
8.255  0  0  0
8.265  0  0  0
8.275  0  0  0
8.285  0  0  0
8.295  0  0  0
8.305  0  0  0
8.315  0  0  0
8.325  0  0  0
8.335  0  0  0
8.345  0  0  0
8.355  0  0  0
8.365  0  0  0
8.375  0  0  0
8.385  0  0  0
8.395  0  0  0
8.405  0  0  0
8.415  0  0  0
8.425  0  0  0
8.435  0  0  0
8.445  0  0  0
8.455  0  0  0
8.465  0  0  0
8.475  0  0  0
8.485  0  0  0
8.495  0  0  0
8.505  0  0  0
8.515  0  0  0
8.525  0  0  0
8.535  0  0  0
8.545  0  0  0
8.555  0  0  0
8.565  0  0  0
8.575  0  0  0
8.585  0  0  0
8.595  0  0  0
8.605  0  0  0
8.615  0  0  0
8.625  0  0  0
8.635  0  0  0
8.645  0  0  0
8.655  0  0  0
8.665  0  0  0
8.675  0  0  0
8.685  0  0  0
8.695  0  0  0
8.705  0  0  0
8.715  0  0  0
8.725  0  0  0
8.735  0  0  0
8.745  0  0  0
8.755  0  0  0
8.765  0  0  0
8.775  0  0  0
8.785  0  0  0
8.795  0  0  0
8.805  0  0  0
8.815  0  0  0
8.825  0  0  0
8.835  0  0  0
8.845  0  0  0
8.855  0  0  0
8.865  0  0  0
8.875  0  0  0
8.885  0  0  0
8.895  0  0  0
8.905  0  0  0
8.915  0  0  0
8.925  0  0  0
8.935  0  0  0
8.945  0  0  0
8.955  0  0  0
8.965  0  0  0
8.975  0  0  0
8.985  0  0  0
8.995  0  0  0
9.005  0  0  0
9.015  0  0  0
9.025  0  0  0
9.035  0  0  0
9.045  0  0  0
9.055  0  0  0
9.065  0  0  0
9.075  0  0  0
9.085  0  0  0
9.095  0  0  0
9.105  0  0  0
9.115  0  0  0
9.125  0  0  0
9.135  0  0  0
9.145  0  0  0
9.155  0  0  0
9.165  0  0  0
9.175  0  0  0
9.185  0  0  0
9.195  0  0  0
9.205  0  0  0
9.215  0  0  0
9.225  0  0  0
9.235  0  0  0
9.245  0  0  0
9.255  0  0  0
9.265  0  0  0
9.275  0  0  0
9.285  0  0  0
9.295  0  0  0
9.305  0  0  0
9.315  0  0  0
9.325  0  0  0
9.335  0  0  0
9.345  0  0  0
9.355  0  0  0
9.365  0  0  0
9.375  0  0  0
9.385  0  0  0
9.395  0  0  0
9.405  0  0  0
9.415  0  0  0
9.425  0  0  0
9.435  0  0  0
9.445  0  0  0
9.455  0  0  0
9.465  0  0  0
9.475  0  0  0
9.485  0  0  0
9.495  0  0  0
9.505  0  0  0
9.515  0  0  0
9.525  0  0  0
9.535  0  0  0
9.545  0  0  0
9.555  0  0  0
9.565  0  0  0
9.575  0  0  0
9.585  0  0  0
9.595  0  0  0
9.605  0  0  0
9.615  0  0  0
9.625  0  0  0
9.635  0  0  0
9.645  0  0  0
9.655  0  0  0
9.665  0  0  0
9.675  0  0  0
9.685  0  0  0
9.695  0  0  0
9.705  0  0  0
9.715  0  0  0
9.725  0  0  0
9.735  0  0  0
9.745  0  0  0
9.755  0  0  0
9.765  0  0  0
9.775  0  0  0
9.785  0  0  0
9.795  0  0  0
9.805  0  0  0
9.815  0  0  0
9.825  0  0  0
9.835  0  0  0
9.845  0  0  0
9.855  0  0  0
9.865  0  0  0
9.875  0  0  0
9.885  0  0  0
9.895  0  0  0
9.905  0  0  0
9.915  0  0  0
9.925  0  0  0
9.935  0  0  0
9.945  0  0  0
9.955  0  0  0
9.965  0  0  0
9.975  0  0  0
9.985  0  0  0
9.995  0  0  0
