0.005  -0.69421  -0.476522  -0.217688
0.015  -0.693766  -0.471196  -0.22257
0.025  -0.687577  -0.470825  -0.216751
0.035  -0.69291  -0.477288  -0.215622
0.045  -0.695752  -0.483924  -0.211827
0.055  -0.679034  -0.469699  -0.209335
0.065  -0.660961  -0.456562  -0.204399
0.075  -0.664823  -0.46464  -0.200183
0.085  -0.657907  -0.462947  -0.19496
0.095  -0.651206  -0.460295  -0.190911
0.105  -0.647774  -0.459381  -0.188393
0.115  -0.650856  -0.466974  -0.183882
0.125  -0.649764  -0.468607  -0.181156
0.135  -0.645888  -0.468843  -0.177045
0.145  -0.641402  -0.465807  -0.175595
0.155  -0.636903  -0.465025  -0.171878
0.165  -0.63072  -0.459788  -0.170932
0.175  -0.626218  -0.458605  -0.167613
0.185  -0.619277  -0.453114  -0.166163
0.195  -0.614273  -0.451717  -0.162557
0.205  -0.621851  -0.46124  -0.160611
0.215  -0.623613  -0.465393  -0.158221
0.225  -0.62978  -0.472419  -0.157361
0.235  -0.63049  -0.474107  -0.156383
0.245  -0.636305  -0.481787  -0.154518
0.255  -0.642992  -0.490473  -0.152519
0.265  -0.644513  -0.494978  -0.149536
0.275  -0.653398  -0.506031  -0.147368
0.285  -0.676694  -0.530509  -0.146185
0.295  -0.682389  -0.537533  -0.144856
0.305  -0.682416  -0.539953  -0.142463
0.315  -0.690015  -0.549043  -0.140972
0.325  -0.691095  -0.552385  -0.13871
0.335  -0.701468  -0.563716  -0.137752
0.345  -0.723658  -0.586157  -0.137502
0.355  -0.739334  -0.603284  -0.13605
0.365  -0.751746  -0.617829  -0.133917
0.375  -0.787282  -0.65442  -0.132862
0.385  -0.810274  -0.679041  -0.131233
0.395  -0.850668  -0.720535  -0.130132
0.405  -0.864041  -0.735081  -0.128961
0.415  -0.881128  -0.75331  -0.127818
0.425  -0.88884  -0.762169  -0.126671
0.435  -0.881415  -0.756005  -0.12541
0.445  -0.885978  -0.76136  -0.124617
0.455  -0.87881  -0.755175  -0.123635
0.465  -0.881843  -0.759381  -0.122462
0.475  -0.860074  -0.739222  -0.120852
0.485  -0.837536  -0.717376  -0.12016
0.495  -0.776422  -0.657154  -0.119267
0.505  -0.714772  -0.596492  -0.118279
0.515  -0.652139  -0.534358  -0.117781
0.525  -0.598095  -0.48134  -0.116755
0.535  -0.549849  -0.433642  -0.116207
0.545  -0.517109  -0.401362  -0.115747
0.555  -0.492272  -0.378256  -0.114016
0.565  -0.480445  -0.367713  -0.112732
0.575  -0.477133  -0.365571  -0.111562
0.585  -0.476551  -0.365748  -0.110802
0.595  -0.467105  -0.356511  -0.110594
0.605  -0.463452  -0.353282  -0.11017
0.615  -0.457149  -0.347476  -0.109673
0.625  -0.463941  -0.354892  -0.109049
0.635  -0.466547  -0.358258  -0.108289
0.645  -0.464326  -0.356218  -0.108109
0.655  -0.464359  -0.357046  -0.107313
0.665  -0.462119  -0.355454  -0.106665
0.675  -0.452485  -0.346764  -0.105721
0.685  -0.440472  -0.335264  -0.105209
0.695  -0.44293  -0.338632  -0.104298
0.705  -0.442646  -0.338643  -0.104004
0.715  -0.443217  -0.33947  -0.103747
0.725  -0.443644  -0.340619  -0.103025
0.735  -0.438321  -0.335939  -0.102382
0.745  -0.43058  -0.328931  -0.101648
0.755  -0.431275  -0.330193  -0.101082
0.765  -0.427967  -0.327641  -0.100326
0.775  -0.427851  -0.328049  -0.0998018
0.785  -0.415809  -0.316167  -0.0996412
0.795  -0.407167  -0.308354  -0.0988128
0.805  -0.404943  -0.306745  -0.098198
0.815  -0.399939  -0.301918  -0.0980209
0.825  -0.397201  -0.299692  -0.0975097
0.835  -0.395446  -0.298623  -0.0968228
0.845  -0.395635  -0.299522  -0.0961134
0.855  -0.398862  -0.30302  -0.095842
0.865  -0.400257  -0.304985  -0.0952723
0.875  -0.401208  -0.306655  -0.0945534
0.885  -0.40688  -0.312482  -0.0943977
0.895  -0.415052  -0.320946  -0.0941057
0.905  -0.423154  -0.329855  -0.0932989
0.915  -0.428013  -0.335494  -0.0925191
0.925  -0.432714  -0.340949  -0.0917647
0.935  -0.437663  -0.347176  -0.0904874
0.945  -0.439926  -0.350241  -0.089685
0.955  -0.442187  -0.353027  -0.0891599
0.965  -0.442786  -0.354224  -0.0885628
0.975  -0.449129  -0.361028  -0.0881011
0.985  -0.462228  -0.374671  -0.0875571
0.995  -0.466611  -0.379576  -0.0870349
1.005  -0.474125  -0.387646  -0.0864791
1.015  -0.47065  -0.384769  -0.0858803
1.025  -0.477467  -0.392246  -0.0852208
1.035  -0.479852  -0.394922  -0.0849301
1.045  -0.473058  -0.388751  -0.0843071
1.055  -0.473853  -0.390481  -0.0833729
1.065  -0.47932  -0.396404  -0.0829159
1.075  -0.486493  -0.404014  -0.0824786
1.085  -0.486684  -0.404763  -0.0819212
1.095  -0.48287  -0.401327  -0.0815424
1.105  -0.500588  -0.419775  -0.0808122
1.115  -0.500929  -0.420755  -0.0801742
1.125  -0.502107  -0.422287  -0.0798194
1.135  -0.512041  -0.433061  -0.07898
1.145  -0.51706  -0.438261  -0.078799
1.155  -0.516865  -0.438378  -0.0784874
1.165  -0.50572  -0.42765  -0.0780699
1.175  -0.501391  -0.423839  -0.0775522
1.185  -0.489538  -0.412462  -0.0770759
1.195  -0.500478  -0.423998  -0.0764795
1.205  -0.507956  -0.431696  -0.0762605
1.215  -0.498272  -0.42221  -0.0760615
1.225  -0.496291  -0.420507  -0.0757839
1.235  -0.491419  -0.416271  -0.075148
1.245  -0.499434  -0.424804  -0.0746298
1.255  -0.49397  -0.420225  -0.0737451
1.265  -0.490352  -0.417391  -0.0729616
1.275  -0.490794  -0.417641  -0.0731532
1.285  -0.492  -0.419204  -0.0727961
1.295  -0.493893  -0.421458  -0.0724351
1.305  -0.49512  -0.423379  -0.0717416
1.315  -0.486347  -0.415398  -0.0709496
1.325  -0.496591  -0.426025  -0.070566
1.335  -0.507722  -0.437816  -0.0699064
1.345  -0.508144  -0.438409  -0.0697349
1.355  -0.507662  -0.438039  -0.0696229
1.365  -0.524454  -0.455211  -0.0692434
1.375  -0.520899  -0.452225  -0.0686745
1.385  -0.516003  -0.44798  -0.0680228
1.395  -0.522293  -0.454603  -0.0676905
1.405  -0.530681  -0.463381  -0.0672999
1.415  -0.536408  -0.46939  -0.067018
1.425  -0.536594  -0.469929  -0.0666651
1.435  -0.540531  -0.47402  -0.0665111
1.445  -0.549604  -0.48339  -0.066213
1.455  -0.548004  -0.481983  -0.0660206
1.465  -0.557636  -0.491964  -0.0656722
1.475  -0.568178  -0.502754  -0.0654248
1.485  -0.579616  -0.514737  -0.0648785
1.495  -0.584054  -0.519707  -0.0643469
1.505  -0.588686  -0.52487  -0.0638153
1.515  -0.581906  -0.518987  -0.0629189
1.525  -0.57253  -0.510093  -0.0624374
1.535  -0.565713  -0.50345  -0.0622623
1.545  -0.547023  -0.485277  -0.0617467
1.555  -0.536025  -0.474624  -0.0614018
1.565  -0.533783  -0.472883  -0.0608994
1.575  -0.551569  -0.49136  -0.0602092
1.585  -0.533051  -0.473387  -0.0596643
1.595  -0.500967  -0.441567  -0.0593997
1.605  -0.49869  -0.439355  -0.059335
1.615  -0.471137  -0.411959  -0.0591782
1.625  -0.476974  -0.418146  -0.0588276
1.635  -0.480585  -0.422272  -0.0583132
1.645  -0.48585  -0.427997  -0.0578524
1.655  -0.496053  -0.438665  -0.0573878
1.665  -0.4855  -0.4282  -0.0573005
1.675  -0.480492  -0.423405  -0.0570867
1.685  -0.485202  -0.428527  -0.0566751
1.695  -0.490541  -0.434307  -0.056234
1.705  -0.48473  -0.428952  -0.0557781
1.715  -0.469325  -0.413909  -0.0554159
1.725  -0.466935  -0.412034  -0.0549008
1.735  -0.464949  -0.410219  -0.0547299
1.745  -0.446389  -0.391895  -0.0544939
1.755  -0.440172  -0.385771  -0.054401
1.765  -0.422768  -0.368498  -0.0542697
1.775  -0.412491  -0.358486  -0.0540053
1.785  -0.387303  -0.333653  -0.0536495
1.795  -0.378416  -0.325073  -0.0533424
1.805  -0.352479  -0.299517  -0.0529617
1.815  -0.337331  -0.284881  -0.05245
1.825  -0.326702  -0.274264  -0.0524381
1.835  -0.308128  -0.256066  -0.0520618
1.845  -0.312868  -0.260857  -0.052011
1.855  -0.306998  -0.255372  -0.0516259
1.865  -0.298436  -0.247097  -0.0513396
1.875  -0.28236  -0.23134  -0.0510202
1.885  -0.297324  -0.24676  -0.0505641
1.895  -0.286592  -0.236574  -0.0500181
1.905  -0.283788  -0.233827  -0.0499604
1.915  -0.288259  -0.238527  -0.0497328
1.925  -0.290658  -0.241223  -0.0494352
1.935  -0.285857  -0.236802  -0.0490546
1.945  -0.286154  -0.237321  -0.0488336
1.955  -0.293894  -0.245349  -0.0485448
1.965  -0.30158  -0.253303  -0.048277
1.975  -0.3066  -0.258429  -0.0481708
1.985  -0.303221  -0.255327  -0.0478943
1.995  -0.301146  -0.25355  -0.0475954
2.005  -0.290534  -0.243501  -0.047033
2.015  -0.2876  -0.240958  -0.0466419
2.025  -0.290155  -0.243796  -0.0463588
2.035  -0.273391  -0.227154  -0.0462372
2.045  -0.235336  -0.189119  -0.0462173
2.055  -0.223318  -0.177117  -0.0462014
2.065  -0.223908  -0.177762  -0.0461469
2.075  -0.200339  -0.154228  -0.0461103
2.085  -0.178731  -0.133037  -0.0456947
2.095  -0.169006  -0.123563  -0.0454432
2.105  -0.147207  -0.102148  -0.0450598
2.115  -0.148782  -0.103806  -0.0449759
2.125  -0.13145  -0.0866703  -0.0447799
2.135  -0.118998  -0.074319  -0.0446791
2.145  -0.108446  -0.0642898  -0.0441564
2.155  -0.0887723  -0.0450211  -0.0437512
2.165  -0.0820232  -0.0383802  -0.043643
2.175  -0.0759518  -0.0325807  -0.0433711
2.185  -0.0743626  -0.0314826  -0.04288
2.195  -0.0682578  -0.0257093  -0.0425485
2.205  -0.0634043  -0.0211091  -0.0422951
2.215  -0.059864  -0.0177918  -0.0420722
2.225  -0.0555517  -0.0137467  -0.041805
2.235  -0.0532806  -0.0116093  -0.0416713
2.245  -0.0535672  -0.0117774  -0.0417899
2.255  -0.0524987  -0.0109175  -0.0415812
2.265  -0.0486985  -0.00749468  -0.0412038
2.275  -0.0456246  -0.004994  -0.0406306
2.285  -0.0492491  -0.00877896  -0.0404701
2.295  -0.0480054  -0.00777859  -0.0402268
2.305  -0.0418175  -0.00186281  -0.0399547
2.315  -0.0408268  -0.000904852  -0.039922
2.325  -0.0402139  -0.000182245  -0.0400317
2.335  -0.039655  6.22703e-05  -0.0397173
2.345  -0.0398275  -0.000426891  -0.0394006
2.355  -0.0395354  -0.000361641  -0.0391737
2.365  -0.0396305  -0.000733184  -0.0388974
2.375  -0.039542  -0.000960229  -0.0385817
2.385  -0.0388077  -0.000405878  -0.0384018
2.395  -0.0384127  0  -0.0384127
2.405  -0.0384007  0  -0.0384007
2.415  -0.0382248  0  -0.0382248
2.425  -0.0379592  0  -0.0379592
2.435  -0.0377844  0  -0.0377844
2.445  -0.0375848  0  -0.0375848
2.455  -0.0372208  0  -0.0372208
2.465  -0.0371704  0  -0.0371704
2.475  -0.0369545  0  -0.0369545
2.485  -0.036574  0  -0.036574
2.495  -0.0363273  0  -0.0363273
2.505  -0.0360544  0  -0.0360544
2.515  -0.0358325  0  -0.0358325
2.525  -0.0355066  0  -0.0355066
2.535  -0.0353427  0  -0.0353427
2.545  -0.0351714  0  -0.0351714
2.555  -0.0349589  0  -0.0349589
2.565  -0.0349798  0  -0.0349798
2.575  -0.034732  0  -0.034732
2.585  -0.0344889  0  -0.0344889
2.595  -0.0342459  0  -0.0342459
2.605  -0.0340789  0  -0.0340789
2.615  -0.0340846  0  -0.0340846
2.625  -0.0339727  0  -0.0339727
2.635  -0.0339419  0  -0.0339419
2.645  -0.0337605  0  -0.0337605
2.655  -0.0335506  0  -0.0335506
2.665  -0.0332815  0  -0.0332815
2.675  -0.0329422  0  -0.0329422
2.685  -0.0328223  0  -0.0328223
2.695  -0.0325596  0  -0.0325596
2.705  -0.0327666  0  -0.0327666
2.715  -0.0326243  0  -0.0326243
2.725  -0.0327286  0  -0.0327286
2.735  -0.0325543  0  -0.0325543
2.745  -0.0325772  0  -0.0325772
2.755  -0.0326  0  -0.0326
2.765  -0.0323798  0  -0.0323798
2.775  -0.032087  0  -0.032087
2.785  -0.0318714  0  -0.0318714
2.795  -0.0318344  0  -0.0318344
2.805  -0.0314927  0  -0.0314927
2.815  -0.0310904  0  -0.0310904
2.825  -0.0308186  0  -0.0308186
2.835  -0.0305656  0  -0.0305656
2.845  -0.0306103  0  -0.0306103
2.855  -0.0304741  0  -0.0304741
2.865  -0.0304579  0  -0.0304579
2.875  -0.0304973  0  -0.0304973
2.885  -0.0303645  0  -0.0303645
2.895  -0.0302643  0  -0.0302643
2.905  -0.0299866  0  -0.0299866
2.915  -0.029859  0  -0.029859
2.925  -0.029849  0  -0.029849
2.935  -0.0297034  0  -0.0297034
2.945  -0.0295911  0  -0.0295911
2.955  -0.0294991  0  -0.0294991
2.965  -0.029381  0  -0.029381
2.975  -0.0292567  0  -0.0292567
2.985  -0.0291135  0  -0.0291135
2.995  -0.0290177  0  -0.0290177
3.005  -0.0289325  0  -0.0289325
3.015  -0.0288863  0  -0.0288863
3.025  -0.0287632  0  -0.0287632
3.035  -0.0287524  0  -0.0287524
3.045  -0.0286206  0  -0.0286206
3.055  -0.0285212  0  -0.0285212
3.065  -0.0282786  0  -0.0282786
3.075  -0.0281796  0  -0.0281796
3.085  -0.0282134  0  -0.0282134
3.095  -0.0282049  0  -0.0282049
3.105  -0.028132  0  -0.028132
3.115  -0.027948  0  -0.027948
3.125  -0.0279384  0  -0.0279384
3.135  -0.0279451  0  -0.0279451
3.145  -0.0277731  0  -0.0277731
3.155  -0.0275248  0  -0.0275248
3.165  -0.0273148  0  -0.0273148
3.175  -0.0272765  0  -0.0272765
3.185  -0.0271513  0  -0.0271513
3.195  -0.0270131  0  -0.0270131
3.205  -0.0268686  0  -0.0268686
3.215  -0.0267631  0  -0.0267631
3.225  -0.0268104  0  -0.0268104
3.235  -0.0266447  0  -0.0266447
3.245  -0.026396  0  -0.026396
3.255  -0.0262036  0  -0.0262036
3.265  -0.0258955  0  -0.0258955
3.275  -0.0256852  0  -0.0256852
3.285  -0.02554  0  -0.02554
3.295  -0.0255064  0  -0.0255064
3.305  -0.0253897  0  -0.0253897
3.315  -0.0254106  0  -0.0254106
3.325  -0.025447  0  -0.025447
3.335  -0.0254773  0  -0.0254773
3.345  -0.0254305  0  -0.0254305
3.355  -0.0253003  0  -0.0253003
3.365  -0.0251173  0  -0.0251173
3.375  -0.0248752  0  -0.0248752
3.385  -0.0247177  0  -0.0247177
3.395  -0.0246029  0  -0.0246029
3.405  -0.0243578  0  -0.0243578
3.415  -0.0242431  0  -0.0242431
3.425  -0.0242026  0  -0.0242026
3.435  -0.0241576  0  -0.0241576
3.445  -0.0241679  0  -0.0241679
3.455  -0.0239001  0  -0.0239001
3.465  -0.0237578  0  -0.0237578
3.475  -0.0236901  0  -0.0236901
3.485  -0.0236557  0  -0.0236557
3.495  -0.023626  0  -0.023626
3.505  -0.0235177  0  -0.0235177
3.515  -0.023336  0  -0.023336
3.525  -0.0232104  0  -0.0232104
3.535  -0.0229145  0  -0.0229145
3.545  -0.0225563  0  -0.0225563
3.555  -0.0223904  0  -0.0223904
3.565  -0.0222301  0  -0.0222301
3.575  -0.0222041  0  -0.0222041
3.585  -0.022149  0  -0.022149
3.595  -0.0220051  0  -0.0220051
3.605  -0.0220301  0  -0.0220301
3.615  -0.0218681  0  -0.0218681
3.625  -0.0217093  0  -0.0217093
3.635  -0.0214496  0  -0.0214496
3.645  -0.0211549  0  -0.0211549
3.655  -0.0209237  0  -0.0209237
3.665  -0.0206809  0  -0.0206809
3.675  -0.0204461  0  -0.0204461
3.685  -0.0202454  0  -0.0202454
3.695  -0.0200901  0  -0.0200901
3.705  -0.0197639  0  -0.0197639
3.715  -0.0196385  0  -0.0196385
3.725  -0.0195215  0  -0.0195215
3.735  -0.0194137  0  -0.0194137
3.745  -0.0193347  0  -0.0193347
3.755  -0.0192309  0  -0.0192309
3.765  -0.0188664  0  -0.0188664
3.775  -0.0186508  0  -0.0186508
3.785  -0.0183374  0  -0.0183374
3.795  -0.0179164  0  -0.0179164
3.805  -0.0175115  0  -0.0175115
3.815  -0.017241  0  -0.017241
3.825  -0.0170337  0  -0.0170337
3.835  -0.0168888  0  -0.0168888
3.845  -0.0165875  0  -0.0165875
3.855  -0.0163042  0  -0.0163042
3.865  -0.0160665  0  -0.0160665
3.875  -0.0157497  0  -0.0157497
3.885  -0.0154535  0  -0.0154535
3.895  -0.015249  0  -0.015249
3.905  -0.0150342  0  -0.0150342
3.915  -0.0147537  0  -0.0147537
3.925  -0.0145736  0  -0.0145736
3.935  -0.014255  0  -0.014255
3.945  -0.0141488  0  -0.0141488
3.955  -0.0138533  0  -0.0138533
3.965  -0.0134592  0  -0.0134592
3.975  -0.0132532  0  -0.0132532
3.985  -0.0129047  0  -0.0129047
3.995  -0.0127976  0  -0.0127976
4.005  -0.0126478  0  -0.0126478
4.015  -0.0124246  0  -0.0124246
4.025  -0.0119562  0  -0.0119562
4.035  -0.0117372  0  -0.0117372
4.045  -0.0114812  0  -0.0114812
4.055  -0.011217  0  -0.011217
4.065  -0.0109717  0  -0.0109717
4.075  -0.0105344  0  -0.0105344
4.085  -0.010325  0  -0.010325
4.095  -0.0101988  0  -0.0101988
4.105  -0.00997717  0  -0.00997717
4.115  -0.00979622  0  -0.00979622
4.125  -0.00951738  0  -0.00951738
4.135  -0.00930013  0  -0.00930013
4.145  -0.00907173  0  -0.00907173
4.155  -0.00900865  0  -0.00900865
4.165  -0.0088017  0  -0.0088017
4.175  -0.00855071  0  -0.00855071
4.185  -0.00839152  0  -0.00839152
4.195  -0.00823991  0  -0.00823991
4.205  -0.0081056  0  -0.0081056
4.215  -0.00794603  0  -0.00794603
4.225  -0.00788403  0  -0.00788403
4.235  -0.00774619  0  -0.00774619
4.245  -0.00769016  0  -0.00769016
4.255  -0.007612  0  -0.007612
4.265  -0.00738021  0  -0.00738021
4.275  -0.00716056  0  -0.00716056
4.285  -0.00715586  0  -0.00715586
4.295  -0.00706535  0  -0.00706535
4.305  -0.00707599  0  -0.00707599
4.315  -0.00690602  0  -0.00690602
4.325  -0.00680361  0  -0.00680361
4.335  -0.00669525  0  -0.00669525
4.345  -0.00666177  0  -0.00666177
4.355  -0.00658072  0  -0.00658072
4.365  -0.00641332  0  -0.00641332
4.375  -0.00628289  0  -0.00628289
4.385  -0.00628201  0  -0.00628201
4.395  -0.00611022  0  -0.00611022
4.405  -0.00601499  0  -0.00601499
4.415  -0.00589254  0  -0.00589254
4.425  -0.00574256  0  -0.00574256
4.435  -0.00560346  0  -0.00560346
4.445  -0.00555161  0  -0.00555161
4.455  -0.00545428  0  -0.00545428
4.465  -0.00533639  0  -0.00533639
4.475  -0.00525272  0  -0.00525272
4.485  -0.00514868  0  -0.00514868
4.495  -0.00513748  0  -0.00513748
4.505  -0.00505205  0  -0.00505205
4.515  -0.00491998  0  -0.00491998
4.525  -0.00471227  0  -0.00471227
4.535  -0.00468526  0  -0.00468526
4.545  -0.00457696  0  -0.00457696
4.555  -0.00445631  0  -0.00445631
4.565  -0.00436797  0  -0.00436797
4.575  -0.00424998  0  -0.00424998
4.585  -0.00411669  0  -0.00411669
4.595  -0.00403352  0  -0.00403352
4.605  -0.00385604  0  -0.00385604
4.615  -0.00373551  0  -0.00373551
4.625  -0.0036876  0  -0.0036876
4.635  -0.00355862  0  -0.00355862
4.645  -0.00349799  0  -0.00349799
4.655  -0.00335362  0  -0.00335362
4.665  -0.00328659  0  -0.00328659
4.675  -0.00321405  0  -0.00321405
4.685  -0.00315043  0  -0.00315043
4.695  -0.00306981  0  -0.00306981
4.705  -0.00303882  0  -0.00303882
4.715  -0.00293951  0  -0.00293951
4.725  -0.00280069  0  -0.00280069
4.735  -0.00268368  0  -0.00268368
4.745  -0.00250299  0  -0.00250299
4.755  -0.00244147  0  -0.00244147
4.765  -0.0023723  0  -0.0023723
4.775  -0.00229481  0  -0.00229481
4.785  -0.00225552  0  -0.00225552
4.795  -0.00221401  0  -0.00221401
4.805  -0.00215292  0  -0.00215292
4.815  -0.00209377  0  -0.00209377
4.825  -0.00205546  0  -0.00205546
4.835  -0.00198225  0  -0.00198225
4.845  -0.00188027  0  -0.00188027
4.855  -0.00178831  0  -0.00178831
4.865  -0.00166582  0  -0.00166582
4.875  -0.00159149  0  -0.00159149
4.885  -0.00149948  0  -0.00149948
4.895  -0.00136783  0  -0.00136783
4.905  -0.00128715  0  -0.00128715
4.915  -0.00120955  0  -0.00120955
4.925  -0.00119081  0  -0.00119081
4.935  -0.0011765  0  -0.0011765
4.945  -0.00108462  0  -0.00108462
4.955  -0.00104369  0  -0.00104369
4.965  -0.000959525  0  -0.000959525
4.975  -0.000837222  0  -0.000837222
4.985  -0.000784939  0  -0.000784939
4.995  -0.000767906  0  -0.000767906
5.005  -0.000709887  0  -0.000709887
5.015  -0.000640312  0  -0.000640312
5.025  -0.000623503  0  -0.000623503
5.035  -0.000596897  0  -0.000596897
5.045  -0.000526816  0  -0.000526816
5.055  -0.000506171  0  -0.000506171
5.065  -0.000484831  0  -0.000484831
5.075  -0.000463949  0  -0.000463949
5.085  -0.00040044  0  -0.00040044
5.095  -0.000357121  0  -0.000357121
5.105  -0.000366047  0  -0.000366047
5.115  -0.000249421  0  -0.000249421
5.125  -0.000246063  0  -0.000246063
5.135  -0.000190382  0  -0.000190382
5.145  -0.000195237  0  -0.000195237
5.155  -0.000154433  0  -0.000154433
5.165  -0.000140368  0  -0.000140368
5.175  -0.000118236  0  -0.000118236
5.185  -0.000117149  0  -0.000117149
5.195  -9.32547e-05  0  -9.32547e-05
5.205  -7.61255e-05  0  -7.61255e-05
5.215  -4.91193e-05  0  -4.91193e-05
5.225  -3.36136e-05  0  -3.36136e-05
5.235  -2.50602e-05  0  -2.50602e-05
5.245  -2.53443e-05  0  -2.53443e-05
5.255  -2.17701e-05  0  -2.17701e-05
5.265  -1.77622e-05  0  -1.77622e-05
5.275  -1.91107e-05  0  -1.91107e-05
5.285  -1.95672e-05  0  -1.95672e-05
5.295  -1.95695e-05  0  -1.95695e-05
5.305  -1.58886e-05  0  -1.58886e-05
5.315  -3.1121e-05  0  -3.1121e-05
5.325  -7.08404e-06  0  -7.08404e-06
5.335  -8.66551e-06  0  -8.66551e-06
5.345  -9.1432e-06  0  -9.1432e-06
5.355  -9.1432e-06  0  -9.1432e-06
5.365  -9.145e-06  0  -9.145e-06
5.375  -9.15427e-06  0  -9.15427e-06
5.385  -9.15427e-06  0  -9.15427e-06
5.395  -9.15427e-06  0  -9.15427e-06
5.405  -8.93135e-06  0  -8.93135e-06
5.415  -8.75361e-06  0  -8.75361e-06
5.425  -8.75361e-06  0  -8.75361e-06
5.435  -8.75466e-06  0  -8.75466e-06
5.445  -8.76746e-06  0  -8.76746e-06
5.455  -8.76746e-06  0  -8.76746e-06
5.465  -8.76746e-06  0  -8.76746e-06
5.475  -3.55009e-06  0  -3.55009e-06
5.485  0  0  0
5.495  0  0  0
5.505  0  0  0
5.515  0  0  0
5.525  0  0  0
5.535  0  0  0
5.545  0  0  0
5.555  0  0  0
5.565  0  0  0
5.575  0  0  0
5.585  0  0  0
5.595  0  0  0
5.605  0  0  0
5.615  0  0  0
5.625  0  0  0
5.635  0  0  0
5.645  0  0  0
5.655  0  0  0
5.665  0  0  0
5.675  0  0  0
5.685  0  0  0
5.695  0  0  0
5.705  0  0  0
5.715  0  0  0
5.725  0  0  0
5.735  0  0  0
5.745  0  0  0
5.755  0  0  0
5.765  0  0  0
5.775  0  0  0
5.785  0  0  0
5.795  0  0  0
5.805  0  0  0
5.815  0  0  0
5.825  0  0  0
5.835  0  0  0
5.845  0  0  0
5.855  0  0  0
5.865  0  0  0
5.875  0  0  0
5.885  0  0  0
5.895  0  0  0
5.905  0  0  0
5.915  0  0  0
5.925  0  0  0
5.935  0  0  0
5.945  0  0  0
5.955  0  0  0
5.965  0  0  0
5.975  0  0  0
5.985  0  0  0
5.995  0  0  0
6.005  0  0  0
6.015  0  0  0
6.025  0  0  0
6.035  0  0  0
6.045  0  0  0
6.055  0  0  0
6.065  0  0  0
6.075  0  0  0
6.085  0  0  0
6.095  0  0  0
6.105  0  0  0
6.115  0  0  0
6.125  0  0  0
6.135  0  0  0
6.145  0  0  0
6.155  0  0  0
6.165  0  0  0
6.175  0  0  0
6.185  0  0  0
6.195  0  0  0
6.205  0  0  0
6.215  0  0  0
6.225  0  0  0
6.235  0  0  0
6.245  0  0  0
6.255  0  0  0
6.265  0  0  0
6.275  0  0  0
6.285  0  0  0
6.295  0  0  0
6.305  0  0  0
6.315  0  0  0
6.325  0  0  0
6.335  0  0  0
6.345  0  0  0
6.355  0  0  0
6.365  0  0  0
6.375  0  0  0
6.385  0  0  0
6.395  0  0  0
6.405  0  0  0
6.415  0  0  0
6.425  0  0  0
6.435  0  0  0
6.445  0  0  0
6.455  0  0  0
6.465  0  0  0
6.475  0  0  0
6.485  0  0  0
6.495  0  0  0
6.505  0  0  0
6.515  0  0  0
6.525  0  0  0
6.535  0  0  0
6.545  0  0  0
6.555  0  0  0
6.565  0  0  0
6.575  0  0  0
6.585  0  0  0
6.595  0  0  0
6.605  0  0  0
6.615  0  0  0
6.625  0  0  0
6.635  0  0  0
6.645  0  0  0
6.655  0  0  0
6.665  0  0  0
6.675  0  0  0
6.685  0  0  0
6.695  0  0  0
6.705  0  0  0
6.715  0  0  0
6.725  0  0  0
6.735  0  0  0
6.745  0  0  0
6.755  0  0  0
6.765  0  0  0
6.775  0  0  0
6.785  0  0  0
6.795  0  0  0
6.805  0  0  0
6.815  0  0  0
6.825  0  0  0
6.835  0  0  0
6.845  0  0  0
6.855  0  0  0
6.865  0  0  0
6.875  0  0  0
6.885  0  0  0
6.895  0  0  0
6.905  0  0  0
6.915  0  0  0
6.925  0  0  0
6.935  0  0  0
6.945  0  0  0
6.955  0  0  0
6.965  0  0  0
6.975  0  0  0
6.985  0  0  0
6.995  0  0  0
7.005  0  0  0
7.015  0  0  0
7.025  0  0  0
7.035  0  0  0
7.045  0  0  0
7.055  0  0  0
7.065  0  0  0
7.075  0  0  0
7.085  0  0  0
7.095  0  0  0
7.105  0  0  0
7.115  0  0  0
7.125  0  0  0
7.135  0  0  0
7.145  0  0  0
7.155  0  0  0
7.165  0  0  0
7.175  0  0  0
7.185  0  0  0
7.195  0  0  0
7.205  0  0  0
7.215  0  0  0
7.225  0  0  0
7.235  0  0  0
7.245  0  0  0
7.255  0  0  0
7.265  0  0  0
7.275  0  0  0
7.285  0  0  0
7.295  0  0  0
7.305  0  0  0
7.315  0  0  0
7.325  0  0  0
7.335  0  0  0
7.345  0  0  0
7.355  0  0  0
7.365  0  0  0
7.375  0  0  0
7.385  0  0  0
7.395  0  0  0
7.405  0  0  0
7.415  0  0  0
7.425  0  0  0
7.435  0  0  0
7.445  0  0  0
7.455  0  0  0
7.465  0  0  0
7.475  0  0  0
7.485  0  0  0
7.495  0  0  0
7.505  0  0  0
7.515  0  0  0
7.525  0  0  0
7.535  0  0  0
7.545  0  0  0
7.555  0  0  0
7.565  0  0  0
7.575  0  0  0
7.585  0  0  0
7.595  0  0  0
7.605  0  0  0
7.615  0  0  0
7.625  0  0  0
7.635  0  0  0
7.645  0  0  0
7.655  0  0  0
7.665  0  0  0
7.675  0  0  0
7.685  0  0  0
7.695  0  0  0
7.705  0  0  0
7.715  0  0  0
7.725  0  0  0
7.735  0  0  0
7.745  0  0  0
7.755  0  0  0
7.765  0  0  0
7.775  0  0  0
7.785  0  0  0
7.795  0  0  0
7.805  0  0  0
7.815  0  0  0
7.825  0  0  0
7.835  0  0  0
7.845  0  0  0
7.855  0  0  0
7.865  0  0  0
7.875  0  0  0
7.885  0  0  0
7.895  0  0  0
7.905  0  0  0
7.915  0  0  0
7.925  0  0  0
7.935  0  0  0
7.945  0  0  0
7.955  0  0  0
7.965  0  0  0
7.975  0  0  0
7.985  0  0  0
7.995  0  0  0
8.005  0  0  0
8.015  0  0  0
8.025  0  0  0
8.035  0  0  0
8.045  0  0  0
8.055  0  0  0
8.065  0  0  0
8.075  0  0  0
8.085  0  0  0
8.095  0  0  0
8.105  0  0  0
8.115  0  0  0
8.125  0  0  0
8.135  0  0  0
8.145  0  0  0
8.155  0  0  0
8.165  0  0  0
8.175  0  0  0
8.185  0  0  0
8.195  0  0  0
8.205  0  0  0
8.215  0  0  0
8.225  0  0  0
8.235  0  0  0
8.245  0  0  0
8.255  0  0  0
8.265  0  0  0
8.275  0  0  0
8.285  0  0  0
8.295  0  0  0
8.305  0  0  0
8.315  0  0  0
8.325  0  0  0
8.335  0  0  0
8.345  0  0  0
8.355  0  0  0
8.365  0  0  0
8.375  0  0  0
8.385  0  0  0
8.395  0  0  0
8.405  0  0  0
8.415  0  0  0
8.425  0  0  0
8.435  0  0  0
8.445  0  0  0
8.455  0  0  0
8.465  0  0  0
8.475  0  0  0
8.485  0  0  0
8.495  0  0  0
8.505  0  0  0
8.515  0  0  0
8.525  0  0  0
8.535  0  0  0
8.545  0  0  0
8.555  0  0  0
8.565  0  0  0
8.575  0  0  0
8.585  0  0  0
8.595  0  0  0
8.605  0  0  0
8.615  0  0  0
8.625  0  0  0
8.635  0  0  0
8.645  0  0  0
8.655  0  0  0
8.665  0  0  0
8.675  0  0  0
8.685  0  0  0
8.695  0  0  0
8.705  0  0  0
8.715  0  0  0
8.725  0  0  0
8.735  0  0  0
8.745  0  0  0
8.755  0  0  0
8.765  0  0  0
8.775  0  0  0
8.785  0  0  0
8.795  0  0  0
8.805  0  0  0
8.815  0  0  0
8.825  0  0  0
8.835  0  0  0
8.845  0  0  0
8.855  0  0  0
8.865  0  0  0
8.875  0  0  0
8.885  0  0  0
8.895  0  0  0
8.905  0  0  0
8.915  0  0  0
8.925  0  0  0
8.935  0  0  0
8.945  0  0  0
8.955  0  0  0
8.965  0  0  0
8.975  0  0  0
8.985  0  0  0
8.995  0  0  0
9.005  0  0  0
9.015  0  0  0
9.025  0  0  0
9.035  0  0  0
9.045  0  0  0
9.055  0  0  0
9.065  0  0  0
9.075  0  0  0
9.085  0  0  0
9.095  0  0  0
9.105  0  0  0
9.115  0  0  0
9.125  0  0  0
9.135  0  0  0
9.145  0  0  0
9.155  0  0  0
9.165  0  0  0
9.175  0  0  0
9.185  0  0  0
9.195  0  0  0
9.205  0  0  0
9.215  0  0  0
9.225  0  0  0
9.235  0  0  0
9.245  0  0  0
9.255  0  0  0
9.265  0  0  0
9.275  0  0  0
9.285  0  0  0
9.295  0  0  0
9.305  0  0  0
9.315  0  0  0
9.325  0  0  0
9.335  0  0  0
9.345  0  0  0
9.355  0  0  0
9.365  0  0  0
9.375  0  0  0
9.385  0  0  0
9.395  0  0  0
9.405  0  0  0
9.415  0  0  0
9.425  0  0  0
9.435  0  0  0
9.445  0  0  0
9.455  0  0  0
9.465  0  0  0
9.475  0  0  0
9.485  0  0  0
9.495  0  0  0
9.505  0  0  0
9.515  0  0  0
9.525  0  0  0
9.535  0  0  0
9.545  0  0  0
9.555  0  0  0
9.565  0  0  0
9.575  0  0  0
9.585  0  0  0
9.595  0  0  0
9.605  0  0  0
9.615  0  0  0
9.625  0  0  0
9.635  0  0  0
9.645  0  0  0
9.655  0  0  0
9.665  0  0  0
9.675  0  0  0
9.685  0  0  0
9.695  0  0  0
9.705  0  0  0
9.715  0  0  0
9.725  0  0  0
9.735  0  0  0
9.745  0  0  0
9.755  0  0  0
9.765  0  0  0
9.775  0  0  0
9.785  0  0  0
9.795  0  0  0
9.805  0  0  0
9.815  0  0  0
9.825  0  0  0
9.835  0  0  0
9.845  0  0  0
9.855  0  0  0
9.865  0  0  0
9.875  0  0  0
9.885  0  0  0
9.895  0  0  0
9.905  0  0  0
9.915  0  0  0
9.925  0  0  0
9.935  0  0  0
9.945  0  0  0
9.955  0  0  0
9.965  0  0  0
9.975  0  0  0
9.985  0  0  0
9.995  0  0  0
