0.005  -0.609073  -0.421735  -0.187339
0.015  -0.625227  -0.434104  -0.191124
0.025  -0.629532  -0.439981  -0.189551
0.035  -0.626844  -0.437849  -0.188995
0.045  -0.618793  -0.431436  -0.187358
0.055  -0.621462  -0.434953  -0.186509
0.065  -0.627932  -0.442652  -0.18528
0.075  -0.62906  -0.445499  -0.183561
0.085  -0.629584  -0.448073  -0.181511
0.095  -0.630593  -0.45017  -0.180423
0.105  -0.630652  -0.450981  -0.179672
0.115  -0.634813  -0.455395  -0.179418
0.125  -0.633265  -0.4546  -0.178665
0.135  -0.631196  -0.454194  -0.177003
0.145  -0.634431  -0.458313  -0.176118
0.155  -0.6384  -0.463532  -0.174868
0.165  -0.639081  -0.464978  -0.174102
0.175  -0.635087  -0.461641  -0.173446
0.185  -0.628194  -0.455397  -0.172797
0.195  -0.623476  -0.452319  -0.171157
0.205  -0.622519  -0.453134  -0.169384
0.215  -0.622174  -0.454964  -0.167209
0.225  -0.623665  -0.457432  -0.166232
0.235  -0.626131  -0.461428  -0.164703
0.245  -0.628943  -0.465415  -0.163528
0.255  -0.628818  -0.466526  -0.162292
0.265  -0.627345  -0.466086  -0.161259
0.275  -0.626922  -0.467381  -0.159542
0.285  -0.627067  -0.469244  -0.157823
0.295  -0.627071  -0.470498  -0.156573
0.305  -0.625931  -0.469681  -0.156251
0.315  -0.630263  -0.474585  -0.155679
0.325  -0.631672  -0.476882  -0.154789
0.335  -0.629242  -0.475222  -0.15402
0.345  -0.632312  -0.479634  -0.152678
0.355  -0.636353  -0.485073  -0.15128
0.365  -0.638823  -0.488994  -0.149829
0.375  -0.640797  -0.492062  -0.148735
0.385  -0.640533  -0.493631  -0.146902
0.395  -0.64132  -0.495921  -0.145399
0.405  -0.638157  -0.494149  -0.144008
0.415  -0.637096  -0.494744  -0.142352
0.425  -0.637117  -0.497036  -0.140081
0.435  -0.633193  -0.495051  -0.138142
0.445  -0.622769  -0.486146  -0.136623
0.455  -0.617065  -0.482441  -0.134624
0.465  -0.613042  -0.479922  -0.13312
0.475  -0.609857  -0.479106  -0.130751
0.485  -0.609655  -0.481866  -0.127789
0.495  -0.607408  -0.481239  -0.126169
0.505  -0.604527  -0.479766  -0.124762
0.515  -0.601601  -0.478552  -0.123049
0.525  -0.599552  -0.478117  -0.121435
0.535  -0.600819  -0.480791  -0.120028
0.545  -0.604555  -0.485661  -0.118894
0.555  -0.598841  -0.481939  -0.116901
0.565  -0.59404  -0.478419  -0.11562
0.575  -0.590674  -0.47677  -0.113904
0.585  -0.589877  -0.478085  -0.111792
0.595  -0.59425  -0.483684  -0.110566
0.605  -0.59807  -0.487963  -0.110107
0.615  -0.600611  -0.491149  -0.109462
0.625  -0.601405  -0.492349  -0.109057
0.635  -0.600384  -0.492631  -0.107752
0.645  -0.60098  -0.494363  -0.106616
0.655  -0.599933  -0.494159  -0.105774
0.665  -0.596403  -0.492043  -0.10436
0.675  -0.593542  -0.49009  -0.103452
0.685  -0.592619  -0.489333  -0.103286
0.695  -0.585252  -0.483088  -0.102163
0.705  -0.575653  -0.473993  -0.101661
0.715  -0.567721  -0.466571  -0.10115
0.725  -0.563249  -0.462914  -0.100335
0.735  -0.561589  -0.462229  -0.0993598
0.745  -0.559039  -0.460423  -0.0986159
0.755  -0.554438  -0.45686  -0.0975783
0.765  -0.550727  -0.453617  -0.0971097
0.775  -0.549396  -0.452951  -0.0964448
0.785  -0.548057  -0.453052  -0.0950045
0.795  -0.548601  -0.454505  -0.094096
0.805  -0.547874  -0.454101  -0.0937736
0.815  -0.546022  -0.452895  -0.0931277
0.825  -0.546406  -0.453354  -0.0930518
0.835  -0.545559  -0.452364  -0.0931955
0.845  -0.541478  -0.449154  -0.0923239
0.855  -0.539488  -0.448063  -0.0914245
0.865  -0.538554  -0.447797  -0.0907573
0.875  -0.536797  -0.446684  -0.0901128
0.885  -0.536025  -0.44655  -0.0894752
0.895  -0.536676  -0.447656  -0.0890194
0.905  -0.536584  -0.448283  -0.0883014
0.915  -0.536599  -0.448805  -0.0877943
0.925  -0.537489  -0.450094  -0.0873949
0.935  -0.54007  -0.452887  -0.087183
0.945  -0.543094  -0.456308  -0.0867861
0.955  -0.543847  -0.457773  -0.086074
0.965  -0.545336  -0.459928  -0.0854085
0.975  -0.548059  -0.463168  -0.0848906
0.985  -0.550185  -0.466283  -0.0839018
0.995  -0.553725  -0.470206  -0.0835187
1.005  -0.553408  -0.470306  -0.0831025
1.015  -0.5534  -0.47079  -0.0826103
1.025  -0.550396  -0.468247  -0.0821492
1.035  -0.550894  -0.469214  -0.0816807
1.045  -0.550517  -0.469579  -0.0809381
1.055  -0.548812  -0.468045  -0.0807669
1.065  -0.546457  -0.466202  -0.0802551
1.075  -0.545366  -0.465871  -0.0794952
1.085  -0.543992  -0.464795  -0.0791976
1.095  -0.540181  -0.461488  -0.0786934
1.105  -0.537194  -0.45913  -0.078064
1.115  -0.53101  -0.453855  -0.0771542
1.125  -0.524003  -0.447238  -0.0767642
1.135  -0.515665  -0.43931  -0.0763546
1.145  -0.504866  -0.428707  -0.0761599
1.155  -0.501133  -0.425246  -0.0758879
1.165  -0.497003  -0.421695  -0.0753082
1.175  -0.489536  -0.414869  -0.0746676
1.185  -0.486298  -0.411859  -0.0744389
1.195  -0.485124  -0.411121  -0.0740029
1.205  -0.486114  -0.412268  -0.0738462
1.215  -0.484596  -0.410881  -0.0737157
1.225  -0.487523  -0.414065  -0.0734578
1.235  -0.49382  -0.42091  -0.0729099
1.245  -0.4929  -0.420378  -0.0725216
1.255  -0.494037  -0.421917  -0.0721203
1.265  -0.497528  -0.425603  -0.0719251
1.275  -0.50018  -0.428677  -0.0715025
1.285  -0.50336  -0.432154  -0.0712056
1.295  -0.505879  -0.435159  -0.0707202
1.305  -0.50712  -0.437043  -0.0700769
1.315  -0.509591  -0.440171  -0.0694193
1.325  -0.508731  -0.440076  -0.0686555
1.335  -0.506452  -0.438421  -0.0680314
1.345  -0.507578  -0.440186  -0.067392
1.355  -0.506412  -0.43939  -0.0670213
1.365  -0.508852  -0.442125  -0.0667277
1.375  -0.512465  -0.445952  -0.0665125
1.385  -0.513975  -0.447601  -0.0663746
1.395  -0.515752  -0.449074  -0.0666776
1.405  -0.517475  -0.451082  -0.0663931
1.415  -0.514051  -0.448571  -0.0654793
1.425  -0.512003  -0.447012  -0.0649918
1.435  -0.514399  -0.449737  -0.0646626
1.445  -0.512978  -0.448642  -0.0643363
1.455  -0.511503  -0.447687  -0.0638156
1.465  -0.511833  -0.4482  -0.0636328
1.475  -0.512905  -0.449304  -0.0636009
1.485  -0.514683  -0.451161  -0.0635222
1.495  -0.514318  -0.450919  -0.0633996
1.505  -0.514393  -0.451487  -0.0629057
1.515  -0.517933  -0.455136  -0.0627972
1.525  -0.523367  -0.460916  -0.0624514
1.535  -0.525518  -0.46351  -0.0620082
1.545  -0.523565  -0.462028  -0.0615369
1.555  -0.528038  -0.466942  -0.061096
1.565  -0.536046  -0.475548  -0.0604987
1.575  -0.539076  -0.478922  -0.0601544
1.585  -0.542039  -0.48184  -0.0601995
1.595  -0.547625  -0.487876  -0.0597483
1.605  -0.553568  -0.494338  -0.0592305
1.615  -0.558265  -0.499353  -0.0589116
1.625  -0.564673  -0.506082  -0.0585903
1.635  -0.570028  -0.511764  -0.0582636
1.645  -0.575003  -0.517109  -0.0578942
1.655  -0.579848  -0.522214  -0.0576346
1.665  -0.582647  -0.525608  -0.0570388
1.675  -0.583584  -0.526954  -0.0566296
1.685  -0.586125  -0.529968  -0.0561575
1.695  -0.591691  -0.535763  -0.0559278
1.705  -0.600603  -0.544901  -0.0557017
1.715  -0.609166  -0.553773  -0.0553926
1.725  -0.615151  -0.560166  -0.054985
1.735  -0.619001  -0.564354  -0.0546467
1.745  -0.62221  -0.567625  -0.0545854
1.755  -0.627183  -0.572708  -0.0544749
1.765  -0.632628  -0.57848  -0.0541471
1.775  -0.639968  -0.586388  -0.0535799
1.785  -0.641959  -0.588872  -0.0530873
1.795  -0.643906  -0.591166  -0.0527396
1.805  -0.650945  -0.598579  -0.0523655
1.815  -0.656468  -0.604288  -0.0521797
1.825  -0.654911  -0.602956  -0.0519553
1.835  -0.653332  -0.601599  -0.0517328
1.845  -0.653592  -0.602091  -0.0515011
1.855  -0.660208  -0.608624  -0.0515839
1.865  -0.660163  -0.608939  -0.0512239
1.875  -0.658576  -0.607633  -0.0509434
1.885  -0.657389  -0.606881  -0.0505082
1.895  -0.651162  -0.600861  -0.0503014
1.905  -0.641745  -0.591645  -0.0500995
1.915  -0.631179  -0.581369  -0.0498096
1.925  -0.618266  -0.568526  -0.0497404
1.935  -0.601668  -0.552186  -0.0494823
1.945  -0.583158  -0.533881  -0.0492778
1.955  -0.56596  -0.516915  -0.0490453
1.965  -0.540765  -0.491925  -0.0488394
1.975  -0.505318  -0.456909  -0.0484092
1.985  -0.477875  -0.42975  -0.0481255
1.995  -0.450432  -0.402416  -0.0480155
2.005  -0.419678  -0.371987  -0.0476913
2.015  -0.384703  -0.337227  -0.0474767
2.025  -0.350526  -0.303391  -0.0471354
2.035  -0.319203  -0.272574  -0.0466292
2.045  -0.288978  -0.242923  -0.0460553
2.055  -0.259397  -0.213718  -0.0456798
2.065  -0.23003  -0.184604  -0.0454263
2.075  -0.203723  -0.158551  -0.0451723
2.085  -0.182614  -0.137592  -0.0450213
2.095  -0.162907  -0.11806  -0.0448467
2.105  -0.147714  -0.103087  -0.0446265
2.115  -0.132095  -0.0878382  -0.0442565
2.125  -0.118559  -0.0745824  -0.0439766
2.135  -0.105302  -0.0616549  -0.0436473
2.145  -0.0938932  -0.0505187  -0.0433745
2.155  -0.0858799  -0.0429652  -0.0429148
2.165  -0.0765358  -0.0337573  -0.0427785
2.175  -0.0702816  -0.0277318  -0.0425499
2.185  -0.0663859  -0.0240031  -0.0423828
2.195  -0.061  -0.0188061  -0.0421939
2.205  -0.0573793  -0.0151891  -0.0421902
2.215  -0.0547587  -0.0128389  -0.0419198
2.225  -0.0521139  -0.0102331  -0.0418808
2.235  -0.0502958  -0.00851275  -0.041783
2.245  -0.0488579  -0.00700117  -0.0418567
2.255  -0.0465432  -0.00475218  -0.041791
2.265  -0.0446733  -0.00306396  -0.0416094
2.275  -0.043275  -0.00185  -0.041425
2.285  -0.0426004  -0.00161065  -0.0409897
2.295  -0.0418944  -0.00116371  -0.0407307
2.305  -0.0413667  -0.000943463  -0.0404232
2.315  -0.0409295  -0.000850536  -0.040079
2.325  -0.0404334  -0.00068367  -0.0397498
2.335  -0.0397403  -0.000422254  -0.039318
2.345  -0.0394696  -0.000383925  -0.0390857
2.355  -0.0393267  -0.000373627  -0.038953
2.365  -0.0391247  -0.000352527  -0.0387722
2.375  -0.0391292  -0.000524987  -0.0386042
2.385  -0.0389536  -0.000555934  -0.0383976
2.395  -0.0384593  -0.000236484  -0.0382228
2.405  -0.0382062  -0.000192261  -0.038014
2.415  -0.0376722  0  -0.0376722
2.425  -0.037463  0  -0.037463
2.435  -0.0370388  0  -0.0370388
2.445  -0.0366394  0  -0.0366394
2.455  -0.0363485  0  -0.0363485
2.465  -0.0358938  0  -0.0358938
2.475  -0.0357139  0  -0.0357139
2.485  -0.0352965  0  -0.0352965
2.495  -0.0349604  0  -0.0349604
2.505  -0.0346408  0  -0.0346408
2.515  -0.0344459  0  -0.0344459
2.525  -0.0342764  0  -0.0342764
2.535  -0.0340246  0  -0.0340246
2.545  -0.0337804  0  -0.0337804
2.555  -0.0336305  0  -0.0336305
2.565  -0.0332784  0  -0.0332784
2.575  -0.0330998  0  -0.0330998
2.585  -0.0327003  0  -0.0327003
2.595  -0.0322547  0  -0.0322547
2.605  -0.0319421  0  -0.0319421
2.615  -0.0316328  0  -0.0316328
2.625  -0.0315853  0  -0.0315853
2.635  -0.0313809  0  -0.0313809
2.645  -0.0311806  0  -0.0311806
2.655  -0.0308847  0  -0.0308847
2.665  -0.0308479  0  -0.0308479
2.675  -0.0305251  0  -0.0305251
2.685  -0.0299218  0  -0.0299218
2.695  -0.02955  0  -0.02955
2.705  -0.029543  0  -0.029543
2.715  -0.0295091  0  -0.0295091
2.725  -0.0293758  0  -0.0293758
2.735  -0.0293255  0  -0.0293255
2.745  -0.0293513  0  -0.0293513
2.755  -0.0292513  0  -0.0292513
2.765  -0.0292178  0  -0.0292178
2.775  -0.0291591  0  -0.0291591
2.785  -0.0290174  0  -0.0290174
2.795  -0.0287167  0  -0.0287167
2.805  -0.0284901  0  -0.0284901
2.815  -0.0282103  0  -0.0282103
2.825  -0.0280077  0  -0.0280077
2.835  -0.0276509  0  -0.0276509
2.845  -0.0273933  0  -0.0273933
2.855  -0.0272098  0  -0.0272098
2.865  -0.0270513  0  -0.0270513
2.875  -0.026952  0  -0.026952
2.885  -0.0268123  0  -0.0268123
2.895  -0.0266816  0  -0.0266816
2.905  -0.0265341  0  -0.0265341
2.915  -0.0264198  0  -0.0264198
2.925  -0.026343  0  -0.026343
2.935  -0.0261472  0  -0.0261472
2.945  -0.0259821  0  -0.0259821
2.955  -0.0258055  0  -0.0258055
2.965  -0.0256399  0  -0.0256399
2.975  -0.0253491  0  -0.0253491
2.985  -0.0251992  0  -0.0251992
2.995  -0.0251184  0  -0.0251184
3.005  -0.0248756  0  -0.0248756
3.015  -0.0246836  0  -0.0246836
3.025  -0.0245665  0  -0.0245665
3.035  -0.0242962  0  -0.0242962
3.045  -0.0240939  0  -0.0240939
3.055  -0.0238731  0  -0.0238731
3.065  -0.0238574  0  -0.0238574
3.075  -0.0239137  0  -0.0239137
3.085  -0.0239009  0  -0.0239009
3.095  -0.0237099  0  -0.0237099
3.105  -0.0235975  0  -0.0235975
3.115  -0.0232586  0  -0.0232586
3.125  -0.0229578  0  -0.0229578
3.135  -0.0226851  0  -0.0226851
3.145  -0.0224132  0  -0.0224132
3.155  -0.022241  0  -0.022241
3.165  -0.0219629  0  -0.0219629
3.175  -0.0218105  0  -0.0218105
3.185  -0.0217969  0  -0.0217969
3.195  -0.0217339  0  -0.0217339
3.205  -0.0217007  0  -0.0217007
3.215  -0.021638  0  -0.021638
3.225  -0.0215161  0  -0.0215161
3.235  -0.021409  0  -0.021409
3.245  -0.0213203  0  -0.0213203
3.255  -0.021245  0  -0.021245
3.265  -0.0209753  0  -0.0209753
3.275  -0.0207213  0  -0.0207213
3.285  -0.0203588  0  -0.0203588
3.295  -0.0202325  0  -0.0202325
3.305  -0.0200809  0  -0.0200809
3.315  -0.0198564  0  -0.0198564
3.325  -0.019616  0  -0.019616
3.335  -0.0193934  0  -0.0193934
3.345  -0.0193186  0  -0.0193186
3.355  -0.0192091  0  -0.0192091
3.365  -0.0191089  0  -0.0191089
3.375  -0.0188818  0  -0.0188818
3.385  -0.0186889  0  -0.0186889
3.395  -0.0185846  0  -0.0185846
3.405  -0.018304  0  -0.018304
3.415  -0.0179795  0  -0.0179795
3.425  -0.0178378  0  -0.0178378
3.435  -0.017644  0  -0.017644
3.445  -0.0174794  0  -0.0174794
3.455  -0.0171575  0  -0.0171575
3.465  -0.0169249  0  -0.0169249
3.475  -0.0167495  0  -0.0167495
3.485  -0.0165822  0  -0.0165822
3.495  -0.0163676  0  -0.0163676
3.505  -0.0163172  0  -0.0163172
3.515  -0.0160777  0  -0.0160777
3.525  -0.0159318  0  -0.0159318
3.535  -0.0158919  0  -0.0158919
3.545  -0.0157084  0  -0.0157084
3.555  -0.0156103  0  -0.0156103
3.565  -0.0154313  0  -0.0154313
3.575  -0.0153152  0  -0.0153152
3.585  -0.0152303  0  -0.0152303
3.595  -0.015187  0  -0.015187
3.605  -0.0150524  0  -0.0150524
3.615  -0.0148309  0  -0.0148309
3.625  -0.0147239  0  -0.0147239
3.635  -0.0146557  0  -0.0146557
3.645  -0.0144075  0  -0.0144075
3.655  -0.014238  0  -0.014238
3.665  -0.0140679  0  -0.0140679
3.675  -0.0138699  0  -0.0138699
3.685  -0.0136537  0  -0.0136537
3.695  -0.013497  0  -0.013497
3.705  -0.0134741  0  -0.0134741
3.715  -0.0133697  0  -0.0133697
3.725  -0.0130831  0  -0.0130831
3.735  -0.0129242  0  -0.0129242
3.745  -0.0129205  0  -0.0129205
3.755  -0.0128953  0  -0.0128953
3.765  -0.0127027  0  -0.0127027
3.775  -0.0126268  0  -0.0126268
3.785  -0.0125401  0  -0.0125401
3.795  -0.0123912  0  -0.0123912
3.805  -0.0123128  0  -0.0123128
3.815  -0.0121841  0  -0.0121841
3.825  -0.0120286  0  -0.0120286
3.835  -0.0116949  0  -0.0116949
3.845  -0.011532  0  -0.011532
3.855  -0.0113445  0  -0.0113445
3.865  -0.0111734  0  -0.0111734
3.875  -0.0110711  0  -0.0110711
3.885  -0.0109549  0  -0.0109549
3.895  -0.0108245  0  -0.0108245
3.905  -0.0107059  0  -0.0107059
3.915  -0.0104695  0  -0.0104695
3.925  -0.0102388  0  -0.0102388
3.935  -0.0100089  0  -0.0100089
3.945  -0.00974832  0  -0.00974832
3.955  -0.00964171  0  -0.00964171
3.965  -0.00959791  0  -0.00959791
3.975  -0.00950937  0  -0.00950937
3.985  -0.00944682  0  -0.00944682
3.995  -0.00928229  0  -0.00928229
4.005  -0.0093173  0  -0.0093173
4.015  -0.00913414  0  -0.00913414
4.025  -0.00888897  0  -0.00888897
4.035  -0.00863934  0  -0.00863934
4.045  -0.00841704  0  -0.00841704
4.055  -0.0083117  0  -0.0083117
4.065  -0.00819869  0  -0.00819869
4.075  -0.00805613  0  -0.00805613
4.085  -0.00783279  0  -0.00783279
4.095  -0.00767986  0  -0.00767986
4.105  -0.00767929  0  -0.00767929
4.115  -0.00758949  0  -0.00758949
4.125  -0.00747824  0  -0.00747824
4.135  -0.00736413  0  -0.00736413
4.145  -0.00717185  0  -0.00717185
4.155  -0.00700886  0  -0.00700886
4.165  -0.00681009  0  -0.00681009
4.175  -0.00675678  0  -0.00675678
4.185  -0.00665375  0  -0.00665375
4.195  -0.00664416  0  -0.00664416
4.205  -0.0065356  0  -0.0065356
4.215  -0.00641475  0  -0.00641475
4.225  -0.0063897  0  -0.0063897
4.235  -0.00644201  0  -0.00644201
4.245  -0.00632832  0  -0.00632832
4.255  -0.00628533  0  -0.00628533
4.265  -0.00621462  0  -0.00621462
4.275  -0.0061023  0  -0.0061023
4.285  -0.00607587  0  -0.00607587
4.295  -0.00588458  0  -0.00588458
4.305  -0.00570745  0  -0.00570745
4.315  -0.00560212  0  -0.00560212
4.325  -0.00556747  0  -0.00556747
4.335  -0.00552549  0  -0.00552549
4.345  -0.00544479  0  -0.00544479
4.355  -0.00523548  0  -0.00523548
4.365  -0.00512549  0  -0.00512549
4.375  -0.00498941  0  -0.00498941
4.385  -0.00489738  0  -0.00489738
4.395  -0.00475067  0  -0.00475067
4.405  -0.004657  0  -0.004657
4.415  -0.00453702  0  -0.00453702
4.425  -0.00454105  0  -0.00454105
4.435  -0.00446164  0  -0.00446164
4.445  -0.00439278  0  -0.00439278
4.455  -0.00431952  0  -0.00431952
4.465  -0.00422931  0  -0.00422931
4.475  -0.0040587  0  -0.0040587
4.485  -0.00394602  0  -0.00394602
4.495  -0.00383933  0  -0.00383933
4.505  -0.00369697  0  -0.00369697
4.515  -0.00357946  0  -0.00357946
4.525  -0.00349671  0  -0.00349671
4.535  -0.00336465  0  -0.00336465
4.545  -0.0032381  0  -0.0032381
4.555  -0.00317401  0  -0.00317401
4.565  -0.00305831  0  -0.00305831
4.575  -0.002978  0  -0.002978
4.585  -0.0029671  0  -0.0029671
4.595  -0.00286217  0  -0.00286217
4.605  -0.002744  0  -0.002744
4.615  -0.00274298  0  -0.00274298
4.625  -0.00276783  0  -0.00276783
4.635  -0.00266854  0  -0.00266854
4.645  -0.00252227  0  -0.00252227
4.655  -0.00240414  0  -0.00240414
4.665  -0.00238466  0  -0.00238466
4.675  -0.00226656  0  -0.00226656
4.685  -0.002173  0  -0.002173
4.695  -0.0020843  0  -0.0020843
4.705  -0.00205899  0  -0.00205899
4.715  -0.00192939  0  -0.00192939
4.725  -0.00181411  0  -0.00181411
4.735  -0.00174459  0  -0.00174459
4.745  -0.00166382  0  -0.00166382
4.755  -0.00159183  0  -0.00159183
4.765  -0.00158608  0  -0.00158608
4.775  -0.00150215  0  -0.00150215
4.785  -0.00147799  0  -0.00147799
4.795  -0.00143685  0  -0.00143685
4.805  -0.00139314  0  -0.00139314
4.815  -0.00126004  0  -0.00126004
4.825  -0.00120516  0  -0.00120516
4.835  -0.00117897  0  -0.00117897
4.845  -0.00106597  0  -0.00106597
4.855  -0.000957122  0  -0.000957122
4.865  -0.000925324  0  -0.000925324
4.875  -0.00090038  0  -0.00090038
4.885  -0.000894565  0  -0.000894565
4.895  -0.000878183  0  -0.000878183
4.905  -0.000810041  0  -0.000810041
4.915  -0.000762211  0  -0.000762211
4.925  -0.00072096  0  -0.00072096
4.935  -0.000638448  0  -0.000638448
4.945  -0.000557361  0  -0.000557361
4.955  -0.0005315  0  -0.0005315
4.965  -0.00051031  0  -0.00051031
4.975  -0.000465354  0  -0.000465354
4.985  -0.000468155  0  -0.000468155
4.995  -0.000494499  0  -0.000494499
5.005  -0.000446511  0  -0.000446511
5.015  -0.000425139  0  -0.000425139
5.025  -0.00038825  0  -0.00038825
5.035  -0.000378917  0  -0.000378917
5.045  -0.000356619  0  -0.000356619
5.055  -0.000315104  0  -0.000315104
5.065  -0.000329746  0  -0.000329746
5.075  -0.000286624  0  -0.000286624
5.085  -0.000265939  0  -0.000265939
5.095  -0.0002144  0  -0.0002144
5.105  -0.00019471  0  -0.00019471
5.115  -0.000204829  0  -0.000204829
5.125  -0.000212075  0  -0.000212075
5.135  -0.000213223  0  -0.000213223
5.145  -0.000150106  0  -0.000150106
5.155  -0.000119389  0  -0.000119389
5.165  -0.000115443  0  -0.000115443
5.175  -0.000133632  0  -0.000133632
5.185  -0.000139724  0  -0.000139724
5.195  -0.000137192  0  -0.000137192
5.205  -0.000113327  0  -0.000113327
5.215  -0.00010783  0  -0.00010783
5.225  -8.62212e-05  0  -8.62212e-05
5.235  -7.19572e-05  0  -7.19572e-05
5.245  -4.40595e-05  0  -4.40595e-05
5.255  -3.4042e-05  0  -3.4042e-05
5.265  -3.40373e-05  0  -3.40373e-05
5.275  -4.2012e-05  0  -4.2012e-05
5.285  -5.32166e-05  0  -5.32166e-05
5.295  -5.55462e-05  0  -5.55462e-05
5.305  -4.97146e-05  0  -4.97146e-05
5.315  -3.09761e-05  0  -3.09761e-05
5.325  -3.0976e-05  0  -3.0976e-05
5.335  -3.09694e-05  0  -3.09694e-05
5.345  -3.09418e-05  0  -3.09418e-05
5.355  -3.09418e-05  0  -3.09418e-05
5.365  -3.09391e-05  0  -3.09391e-05
5.375  -3.19318e-05  0  -3.19318e-05
5.385  -2.12643e-05  0  -2.12643e-05
5.395  -1.55618e-05  0  -1.55618e-05
5.405  -1.47337e-05  0  -1.47337e-05
5.415  -8.10777e-06  0  -8.10777e-06
5.425  -6.49927e-06  0  -6.49927e-06
5.435  -8.51903e-06  0  -8.51903e-06
5.445  -1.58038e-05  0  -1.58038e-05
5.455  -1.58037e-05  0  -1.58037e-05
5.465  -1.58013e-05  0  -1.58013e-05
5.475  -1.58013e-05  0  -1.58013e-05
5.485  -2.50286e-06  0  -2.50286e-06
5.495  0  0  0
5.505  0  0  0
5.515  0  0  0
5.525  0  0  0
5.535  0  0  0
5.545  0  0  0
5.555  0  0  0
5.565  0  0  0
5.575  0  0  0
5.585  0  0  0
5.595  0  0  0
5.605  0  0  0
5.615  0  0  0
5.625  0  0  0
5.635  0  0  0
5.645  0  0  0
5.655  0  0  0
5.665  0  0  0
5.675  0  0  0
5.685  0  0  0
5.695  0  0  0
5.705  0  0  0
5.715  0  0  0
5.725  0  0  0
5.735  0  0  0
5.745  0  0  0
5.755  0  0  0
5.765  0  0  0
5.775  0  0  0
5.785  0  0  0
5.795  0  0  0
5.805  0  0  0
5.815  0  0  0
5.825  0  0  0
5.835  0  0  0
5.845  0  0  0
5.855  0  0  0
5.865  0  0  0
5.875  0  0  0
5.885  0  0  0
5.895  0  0  0
5.905  0  0  0
5.915  0  0  0
5.925  0  0  0
5.935  0  0  0
5.945  0  0  0
5.955  0  0  0
5.965  0  0  0
5.975  0  0  0
5.985  0  0  0
5.995  0  0  0
6.005  0  0  0
6.015  0  0  0
6.025  0  0  0
6.035  0  0  0
6.045  0  0  0
6.055  0  0  0
6.065  0  0  0
6.075  0  0  0
6.085  0  0  0
6.095  0  0  0
6.105  0  0  0
6.115  0  0  0
6.125  0  0  0
6.135  0  0  0
6.145  0  0  0
6.155  0  0  0
6.165  0  0  0
6.175  0  0  0
6.185  0  0  0
6.195  0  0  0
6.205  0  0  0
6.215  0  0  0
6.225  0  0  0
6.235  0  0  0
6.245  0  0  0
6.255  0  0  0
6.265  0  0  0
6.275  0  0  0
6.285  0  0  0
6.295  0  0  0
6.305  0  0  0
6.315  0  0  0
6.325  0  0  0
6.335  0  0  0
6.345  0  0  0
6.355  0  0  0
6.365  0  0  0
6.375  0  0  0
6.385  0  0  0
6.395  0  0  0
6.405  0  0  0
6.415  0  0  0
6.425  0  0  0
6.435  0  0  0
6.445  0  0  0
6.455  0  0  0
6.465  0  0  0
6.475  0  0  0
6.485  0  0  0
6.495  0  0  0
6.505  0  0  0
6.515  0  0  0
6.525  0  0  0
6.535  0  0  0
6.545  0  0  0
6.555  0  0  0
6.565  0  0  0
6.575  0  0  0
6.585  0  0  0
6.595  0  0  0
6.605  0  0  0
6.615  0  0  0
6.625  0  0  0
6.635  0  0  0
6.645  0  0  0
6.655  0  0  0
6.665  0  0  0
6.675  0  0  0
6.685  0  0  0
6.695  0  0  0
6.705  0  0  0
6.715  0  0  0
6.725  0  0  0
6.735  0  0  0
6.745  0  0  0
6.755  0  0  0
6.765  0  0  0
6.775  0  0  0
6.785  0  0  0
6.795  0  0  0
6.805  0  0  0
6.815  0  0  0
6.825  0  0  0
6.835  0  0  0
6.845  0  0  0
6.855  0  0  0
6.865  0  0  0
6.875  0  0  0
6.885  0  0  0
6.895  0  0  0
6.905  0  0  0
6.915  0  0  0
6.925  0  0  0
6.935  0  0  0
6.945  0  0  0
6.955  0  0  0
6.965  0  0  0
6.975  0  0  0
6.985  0  0  0
6.995  0  0  0
7.005  0  0  0
7.015  0  0  0
7.025  0  0  0
7.035  0  0  0
7.045  0  0  0
7.055  0  0  0
7.065  0  0  0
7.075  0  0  0
7.085  0  0  0
7.095  0  0  0
7.105  0  0  0
7.115  0  0  0
7.125  0  0  0
7.135  0  0  0
7.145  0  0  0
7.155  0  0  0
7.165  0  0  0
7.175  0  0  0
7.185  0  0  0
7.195  0  0  0
7.205  0  0  0
7.215  0  0  0
7.225  0  0  0
7.235  0  0  0
7.245  0  0  0
7.255  0  0  0
7.265  0  0  0
7.275  0  0  0
7.285  0  0  0
7.295  0  0  0
7.305  0  0  0
7.315  0  0  0
7.325  0  0  0
7.335  0  0  0
7.345  0  0  0
7.355  0  0  0
7.365  0  0  0
7.375  0  0  0
7.385  0  0  0
7.395  0  0  0
7.405  0  0  0
7.415  0  0  0
7.425  0  0  0
7.435  0  0  0
7.445  0  0  0
7.455  0  0  0
7.465  0  0  0
7.475  0  0  0
7.485  0  0  0
7.495  0  0  0
7.505  0  0  0
7.515  0  0  0
7.525  0  0  0
7.535  0  0  0
7.545  0  0  0
7.555  0  0  0
7.565  0  0  0
7.575  0  0  0
7.585  0  0  0
7.595  0  0  0
7.605  0  0  0
7.615  0  0  0
7.625  0  0  0
7.635  0  0  0
7.645  0  0  0
7.655  0  0  0
7.665  0  0  0
7.675  0  0  0
7.685  0  0  0
7.695  0  0  0
7.705  0  0  0
7.715  0  0  0
7.725  0  0  0
7.735  0  0  0
7.745  0  0  0
7.755  0  0  0
7.765  0  0  0
7.775  0  0  0
7.785  0  0  0
7.795  0  0  0
7.805  0  0  0
7.815  0  0  0
7.825  0  0  0
7.835  0  0  0
7.845  0  0  0
7.855  0  0  0
7.865  0  0  0
7.875  0  0  0
7.885  0  0  0
7.895  0  0  0
7.905  0  0  0
7.915  0  0  0
7.925  0  0  0
7.935  0  0  0
7.945  0  0  0
7.955  0  0  0
7.965  0  0  0
7.975  0  0  0
7.985  0  0  0
7.995  0  0  0
8.005  0  0  0
8.015  0  0  0
8.025  0  0  0
8.035  0  0  0
8.045  0  0  0
8.055  0  0  0
8.065  0  0  0
8.075  0  0  0
8.085  0  0  0
8.095  0  0  0
8.105  0  0  0
8.115  0  0  0
8.125  0  0  0
8.135  0  0  0
8.145  0  0  0
8.155  0  0  0
8.165  0  0  0
8.175  0  0  0
8.185  0  0  0
8.195  0  0  0
8.205  0  0  0
8.215  0  0  0
8.225  0  0  0
8.235  0  0  0
8.245  0  0  0
8.255  0  0  0
8.265  0  0  0
8.275  0  0  0
8.285  0  0  0
8.295  0  0  0
8.305  0  0  0
8.315  0  0  0
8.325  0  0  0
8.335  0  0  0
8.345  0  0  0
8.355  0  0  0
8.365  0  0  0
8.375  0  0  0
8.385  0  0  0
8.395  0  0  0
8.405  0  0  0
8.415  0  0  0
8.425  0  0  0
8.435  0  0  0
8.445  0  0  0
8.455  0  0  0
8.465  0  0  0
8.475  0  0  0
8.485  0  0  0
8.495  0  0  0
8.505  0  0  0
8.515  0  0  0
8.525  0  0  0
8.535  0  0  0
8.545  0  0  0
8.555  0  0  0
8.565  0  0  0
8.575  0  0  0
8.585  0  0  0
8.595  0  0  0
8.605  0  0  0
8.615  0  0  0
8.625  0  0  0
8.635  0  0  0
8.645  0  0  0
8.655  0  0  0
8.665  0  0  0
8.675  0  0  0
8.685  0  0  0
8.695  0  0  0
8.705  0  0  0
8.715  0  0  0
8.725  0  0  0
8.735  0  0  0
8.745  0  0  0
8.755  0  0  0
8.765  0  0  0
8.775  0  0  0
8.785  0  0  0
8.795  0  0  0
8.805  0  0  0
8.815  0  0  0
8.825  0  0  0
8.835  0  0  0
8.845  0  0  0
8.855  0  0  0
8.865  0  0  0
8.875  0  0  0
8.885  0  0  0
8.895  0  0  0
8.905  0  0  0
8.915  0  0  0
8.925  0  0  0
8.935  0  0  0
8.945  0  0  0
8.955  0  0  0
8.965  0  0  0
8.975  0  0  0
8.985  0  0  0
8.995  0  0  0
9.005  0  0  0
9.015  0  0  0
9.025  0  0  0
9.035  0  0  0
9.045  0  0  0
9.055  0  0  0
9.065  0  0  0
9.075  0  0  0
9.085  0  0  0
9.095  0  0  0
9.105  0  0  0
9.115  0  0  0
9.125  0  0  0
9.135  0  0  0
9.145  0  0  0
9.155  0  0  0
9.165  0  0  0
9.175  0  0  0
9.185  0  0  0
9.195  0  0  0
9.205  0  0  0
9.215  0  0  0
9.225  0  0  0
9.235  0  0  0
9.245  0  0  0
9.255  0  0  0
9.265  0  0  0
9.275  0  0  0
9.285  0  0  0
9.295  0  0  0
9.305  0  0  0
9.315  0  0  0
9.325  0  0  0
9.335  0  0  0
9.345  0  0  0
9.355  0  0  0
9.365  0  0  0
9.375  0  0  0
9.385  0  0  0
9.395  0  0  0
9.405  0  0  0
9.415  0  0  0
9.425  0  0  0
9.435  0  0  0
9.445  0  0  0
9.455  0  0  0
9.465  0  0  0
9.475  0  0  0
9.485  0  0  0
9.495  0  0  0
9.505  0  0  0
9.515  0  0  0
9.525  0  0  0
9.535  0  0  0
9.545  0  0  0
9.555  0  0  0
9.565  0  0  0
9.575  0  0  0
9.585  0  0  0
9.595  0  0  0
9.605  0  0  0
9.615  0  0  0
9.625  0  0  0
9.635  0  0  0
9.645  0  0  0
9.655  0  0  0
9.665  0  0  0
9.675  0  0  0
9.685  0  0  0
9.695  0  0  0
9.705  0  0  0
9.715  0  0  0
9.725  0  0  0
9.735  0  0  0
9.745  0  0  0
9.755  0  0  0
9.765  0  0  0
9.775  0  0  0
9.785  0  0  0
9.795  0  0  0
9.805  0  0  0
9.815  0  0  0
9.825  0  0  0
9.835  0  0  0
9.845  0  0  0
9.855  0  0  0
9.865  0  0  0
9.875  0  0  0
9.885  0  0  0
9.895  0  0  0
9.905  0  0  0
9.915  0  0  0
9.925  0  0  0
9.935  0  0  0
9.945  0  0  0
9.955  0  0  0
9.965  0  0  0
9.975  0  0  0
9.985  0  0  0
9.995  0  0  0
