0.005  -0.697735  -0.479123  -0.218611
0.015  -0.71319  -0.489562  -0.223628
0.025  -0.716032  -0.494227  -0.221804
0.035  -0.708852  -0.487873  -0.22098
0.045  -0.694258  -0.476007  -0.218251
0.055  -0.689038  -0.471372  -0.217666
0.065  -0.684015  -0.467705  -0.21631
0.075  -0.673112  -0.456998  -0.216114
0.085  -0.669811  -0.45428  -0.215531
0.095  -0.668004  -0.454163  -0.213841
0.105  -0.669835  -0.457701  -0.212134
0.115  -0.671629  -0.461043  -0.210586
0.125  -0.67041  -0.461277  -0.209133
0.135  -0.669538  -0.461593  -0.207945
0.145  -0.668696  -0.461844  -0.206851
0.155  -0.666179  -0.460568  -0.205612
0.165  -0.670984  -0.466197  -0.204787
0.175  -0.670688  -0.468046  -0.202642
0.185  -0.671298  -0.470326  -0.200972
0.195  -0.674426  -0.473703  -0.200723
0.205  -0.675429  -0.47631  -0.199119
0.215  -0.677537  -0.480395  -0.197142
0.225  -0.677887  -0.481592  -0.196295
0.235  -0.67228  -0.478322  -0.193958
0.245  -0.672897  -0.480592  -0.192305
0.255  -0.67289  -0.482021  -0.190869
0.265  -0.670885  -0.48247  -0.188416
0.275  -0.675174  -0.487778  -0.187396
0.285  -0.676402  -0.490229  -0.186173
0.295  -0.67679  -0.491805  -0.184985
0.305  -0.682218  -0.498561  -0.183657
0.315  -0.6869  -0.504767  -0.182133
0.325  -0.690248  -0.508921  -0.181327
0.335  -0.689242  -0.508871  -0.180371
0.345  -0.692835  -0.51405  -0.178785
0.355  -0.698575  -0.52066  -0.177915
0.365  -0.702158  -0.525943  -0.176215
0.375  -0.705128  -0.529918  -0.17521
0.385  -0.707094  -0.531762  -0.175332
0.395  -0.708934  -0.534508  -0.174426
0.405  -0.712836  -0.539939  -0.172897
0.415  -0.716059  -0.544425  -0.171635
0.425  -0.716045  -0.547507  -0.168538
0.435  -0.711657  -0.544042  -0.167614
0.445  -0.703919  -0.538157  -0.165763
0.455  -0.699843  -0.535181  -0.164663
0.465  -0.698348  -0.534208  -0.16414
0.475  -0.693215  -0.530841  -0.162374
0.485  -0.683724  -0.522087  -0.161637
0.495  -0.676535  -0.515838  -0.160697
0.505  -0.673249  -0.514014  -0.159234
0.515  -0.670116  -0.512148  -0.157967
0.525  -0.666696  -0.51002  -0.156676
0.535  -0.6679  -0.512127  -0.155773
0.545  -0.666253  -0.511618  -0.154635
0.555  -0.664285  -0.511269  -0.153016
0.565  -0.661359  -0.509806  -0.151552
0.575  -0.656475  -0.506118  -0.150357
0.585  -0.654947  -0.506652  -0.148295
0.595  -0.654035  -0.507055  -0.14698
0.605  -0.649766  -0.50425  -0.145515
0.615  -0.643623  -0.499166  -0.144458
0.625  -0.638015  -0.493805  -0.14421
0.635  -0.633596  -0.490349  -0.143247
0.645  -0.628698  -0.486498  -0.142199
0.655  -0.62013  -0.479208  -0.140921
0.665  -0.614012  -0.474799  -0.139214
0.675  -0.613758  -0.475442  -0.138315
0.685  -0.609783  -0.472747  -0.137036
0.695  -0.60488  -0.469082  -0.135797
0.705  -0.601236  -0.46607  -0.135165
0.715  -0.59829  -0.463555  -0.134734
0.725  -0.59384  -0.459745  -0.134096
0.735  -0.590658  -0.456794  -0.133864
0.745  -0.579397  -0.446674  -0.132723
0.755  -0.574217  -0.442278  -0.131939
0.765  -0.569943  -0.439197  -0.130746
0.775  -0.563149  -0.433583  -0.129566
0.785  -0.556555  -0.427981  -0.128574
0.795  -0.551222  -0.423448  -0.127775
0.805  -0.548346  -0.421526  -0.12682
0.815  -0.541948  -0.415907  -0.126041
0.825  -0.539359  -0.413822  -0.125537
0.835  -0.537104  -0.412474  -0.12463
0.845  -0.531627  -0.408044  -0.123583
0.855  -0.533239  -0.410444  -0.122795
0.865  -0.535366  -0.413071  -0.122295
0.875  -0.535386  -0.413952  -0.121435
0.885  -0.536055  -0.415734  -0.120321
0.895  -0.536008  -0.416688  -0.11932
0.905  -0.534303  -0.415675  -0.118628
0.915  -0.535841  -0.417877  -0.117964
0.925  -0.531345  -0.414163  -0.117181
0.935  -0.52508  -0.408574  -0.116505
0.945  -0.522216  -0.406922  -0.115294
0.955  -0.520655  -0.406008  -0.114647
0.965  -0.516811  -0.402625  -0.114186
0.975  -0.512922  -0.399815  -0.113108
0.985  -0.509712  -0.397848  -0.111864
0.995  -0.510552  -0.399515  -0.111037
1.005  -0.507393  -0.396914  -0.110478
1.015  -0.502594  -0.392992  -0.109602
1.025  -0.500673  -0.391608  -0.109065
1.035  -0.498861  -0.390359  -0.108502
1.045  -0.498619  -0.390643  -0.107976
1.055  -0.498152  -0.390572  -0.10758
1.065  -0.494497  -0.387645  -0.106851
1.075  -0.492322  -0.386473  -0.105849
1.085  -0.489902  -0.384661  -0.10524
1.095  -0.487131  -0.382614  -0.104517
1.105  -0.481309  -0.37755  -0.103759
1.115  -0.476403  -0.372792  -0.103611
1.125  -0.475963  -0.372622  -0.103342
1.135  -0.47239  -0.369736  -0.102653
1.145  -0.467719  -0.365543  -0.102176
1.155  -0.463559  -0.362279  -0.10128
1.165  -0.464329  -0.364059  -0.100269
1.175  -0.466211  -0.366707  -0.0995046
1.185  -0.464541  -0.365295  -0.0992459
1.195  -0.460008  -0.361492  -0.0985157
1.205  -0.459706  -0.361196  -0.0985103
1.215  -0.460623  -0.362844  -0.0977793
1.225  -0.462322  -0.365119  -0.0972028
1.235  -0.462932  -0.366447  -0.096486
1.245  -0.464419  -0.36885  -0.095569
1.255  -0.465714  -0.370522  -0.0951912
1.265  -0.465087  -0.370265  -0.0948222
1.275  -0.465254  -0.370692  -0.0945616
1.285  -0.465644  -0.372194  -0.0934497
1.295  -0.468608  -0.37586  -0.0927479
1.305  -0.47174  -0.379438  -0.0923022
1.315  -0.472618  -0.380866  -0.0917516
1.325  -0.474641  -0.383548  -0.0910929
1.335  -0.478002  -0.387863  -0.0901393
1.345  -0.480388  -0.391112  -0.089276
1.355  -0.482477  -0.394174  -0.0883028
1.365  -0.480878  -0.393499  -0.0873797
1.375  -0.488612  -0.401755  -0.0868571
1.385  -0.495118  -0.408886  -0.0862321
1.395  -0.499075  -0.413322  -0.0857527
1.405  -0.502764  -0.417652  -0.0851119
1.415  -0.504218  -0.419739  -0.0844791
1.425  -0.506722  -0.422837  -0.083885
1.435  -0.510791  -0.427851  -0.0829404
1.445  -0.508315  -0.426206  -0.0821094
1.455  -0.508928  -0.426937  -0.0819909
1.465  -0.510145  -0.428916  -0.0812294
1.475  -0.50849  -0.428336  -0.0801539
1.485  -0.507  -0.427768  -0.0792323
1.495  -0.50443  -0.425771  -0.0786586
1.505  -0.500073  -0.422331  -0.0777413
1.515  -0.494814  -0.417685  -0.0771293
1.525  -0.492294  -0.415845  -0.0764488
1.535  -0.485826  -0.409945  -0.0758814
1.545  -0.47401  -0.398723  -0.0752866
1.555  -0.457704  -0.383229  -0.0744756
1.565  -0.445831  -0.371866  -0.0739646
1.575  -0.436485  -0.362991  -0.0734942
1.585  -0.424957  -0.35202  -0.0729375
1.595  -0.412064  -0.339383  -0.0726815
1.605  -0.400833  -0.328549  -0.0722835
1.615  -0.38709  -0.315196  -0.0718938
1.625  -0.373386  -0.301996  -0.0713906
1.635  -0.364073  -0.293221  -0.0708519
1.645  -0.353366  -0.283189  -0.0701766
1.655  -0.343437  -0.273673  -0.069764
1.665  -0.337301  -0.267998  -0.0693039
1.675  -0.330952  -0.26217  -0.0687816
1.685  -0.323964  -0.255817  -0.0681472
1.695  -0.318762  -0.250953  -0.0678086
1.705  -0.315255  -0.247957  -0.0672974
1.715  -0.313243  -0.24645  -0.0667933
1.725  -0.311924  -0.245129  -0.0667942
1.735  -0.307293  -0.240765  -0.0665287
1.745  -0.305292  -0.23929  -0.0660019
1.755  -0.301622  -0.235758  -0.0658639
1.765  -0.295876  -0.230357  -0.0655182
1.775  -0.290484  -0.225567  -0.0649169
1.785  -0.290736  -0.226211  -0.0645258
1.795  -0.288998  -0.224721  -0.0642762
1.805  -0.285393  -0.22165  -0.063743
1.815  -0.283132  -0.219736  -0.0633963
1.825  -0.281983  -0.218982  -0.0630013
1.835  -0.276565  -0.2138  -0.062765
1.845  -0.268182  -0.205646  -0.0625367
1.855  -0.267349  -0.205068  -0.0622807
1.865  -0.266866  -0.204867  -0.0619997
1.875  -0.264365  -0.202676  -0.0616892
1.885  -0.257177  -0.195836  -0.0613408
1.895  -0.249522  -0.18838  -0.0611429
1.905  -0.244972  -0.184231  -0.0607407
1.915  -0.238775  -0.178468  -0.0603071
1.925  -0.231125  -0.17104  -0.0600858
1.935  -0.222389  -0.16292  -0.0594682
1.945  -0.217452  -0.158191  -0.0592611
1.955  -0.211286  -0.152426  -0.0588599
1.965  -0.204138  -0.14538  -0.0587585
1.975  -0.195153  -0.136624  -0.0585297
1.985  -0.186356  -0.128132  -0.0582232
1.995  -0.177103  -0.119136  -0.0579665
2.005  -0.1717  -0.114172  -0.0575275
2.015  -0.162133  -0.104781  -0.0573525
2.025  -0.154855  -0.0979743  -0.0568805
2.035  -0.150364  -0.0937058  -0.0566585
2.045  -0.144012  -0.0875148  -0.0564972
2.055  -0.136873  -0.080528  -0.0563445
2.065  -0.128501  -0.0723913  -0.0561098
2.075  -0.122394  -0.0665031  -0.0558907
2.085  -0.11713  -0.0615364  -0.0555938
2.095  -0.113915  -0.0584516  -0.0554637
2.105  -0.10627  -0.0510432  -0.0552268
2.115  -0.100061  -0.0450535  -0.0550072
2.125  -0.0948948  -0.0401956  -0.0546992
2.135  -0.0893673  -0.0349202  -0.0544471
2.145  -0.0847658  -0.0308432  -0.0539226
2.155  -0.0816295  -0.0279388  -0.0536907
2.165  -0.0770495  -0.0235886  -0.0534609
2.175  -0.0724254  -0.0193836  -0.0530417
2.185  -0.0686745  -0.0160618  -0.0526126
2.195  -0.0660343  -0.0134811  -0.0525532
2.205  -0.0637855  -0.011281  -0.0525045
2.215  -0.0621052  -0.00988042  -0.0522247
2.225  -0.060447  -0.00851254  -0.0519345
2.235  -0.0589113  -0.00726634  -0.0516449
2.245  -0.0576164  -0.00630669  -0.0513097
2.255  -0.0566304  -0.00584015  -0.0507902
2.265  -0.0560842  -0.00547086  -0.0506133
2.275  -0.0549428  -0.00425009  -0.0506927
2.285  -0.0534401  -0.00273509  -0.050705
2.295  -0.0527559  -0.00213775  -0.0506181
2.305  -0.0514998  -0.000884353  -0.0506154
2.315  -0.0510473  -0.000752881  -0.0502945
2.325  -0.0501668  -0.000514855  -0.0496519
2.335  -0.0501586  -0.000543816  -0.0496148
2.345  -0.049676  -0.000412949  -0.0492631
2.355  -0.0491779  0  -0.0491779
2.365  -0.0490096  0  -0.0490096
2.375  -0.0485811  0  -0.0485811
2.385  -0.0485563  0  -0.0485563
2.395  -0.0482109  0  -0.0482109
2.405  -0.0478946  0  -0.0478946
2.415  -0.0477374  0  -0.0477374
2.425  -0.0475081  0  -0.0475081
2.435  -0.0473151  0  -0.0473151
2.445  -0.0467262  0  -0.0467262
2.455  -0.0464245  0  -0.0464245
2.465  -0.046283  0  -0.046283
2.475  -0.0459648  0  -0.0459648
2.485  -0.045602  0  -0.045602
2.495  -0.0453308  0  -0.0453308
2.505  -0.0452523  0  -0.0452523
2.515  -0.045116  0  -0.045116
2.525  -0.0447919  0  -0.0447919
2.535  -0.0444481  0  -0.0444481
2.545  -0.0442451  0  -0.0442451
2.555  -0.0441473  0  -0.0441473
2.565  -0.0434603  0  -0.0434603
2.575  -0.0432386  0  -0.0432386
2.585  -0.0431381  0  -0.0431381
2.595  -0.0428189  0  -0.0428189
2.605  -0.0423263  0  -0.0423263
2.615  -0.0420101  0  -0.0420101
2.625  -0.0419565  0  -0.0419565
2.635  -0.0417698  0  -0.0417698
2.645  -0.0415044  0  -0.0415044
2.655  -0.0411785  0  -0.0411785
2.665  -0.0409991  0  -0.0409991
2.675  -0.0407199  0  -0.0407199
2.685  -0.0404682  0  -0.0404682
2.695  -0.0402877  0  -0.0402877
2.705  -0.0398976  0  -0.0398976
2.715  -0.0395928  0  -0.0395928
2.725  -0.0393992  0  -0.0393992
2.735  -0.0391889  0  -0.0391889
2.745  -0.0387721  0  -0.0387721
2.755  -0.0383733  0  -0.0383733
2.765  -0.0382  0  -0.0382
2.775  -0.0378212  0  -0.0378212
2.785  -0.0376169  0  -0.0376169
2.795  -0.0374655  0  -0.0374655
2.805  -0.0375567  0  -0.0375567
2.815  -0.0374621  0  -0.0374621
2.825  -0.037075  0  -0.037075
2.835  -0.0367262  0  -0.0367262
2.845  -0.036349  0  -0.036349
2.855  -0.0361433  0  -0.0361433
2.865  -0.0359  0  -0.0359
2.875  -0.0355388  0  -0.0355388
2.885  -0.0352422  0  -0.0352422
2.895  -0.0352297  0  -0.0352297
2.905  -0.0351033  0  -0.0351033
2.915  -0.0347571  0  -0.0347571
2.925  -0.0344405  0  -0.0344405
2.935  -0.0342298  0  -0.0342298
2.945  -0.0340716  0  -0.0340716
2.955  -0.0342314  0  -0.0342314
2.965  -0.0342683  0  -0.0342683
2.975  -0.0339825  0  -0.0339825
2.985  -0.0336814  0  -0.0336814
2.995  -0.033401  0  -0.033401
3.005  -0.0331863  0  -0.0331863
3.015  -0.0329879  0  -0.0329879
3.025  -0.0328606  0  -0.0328606
3.035  -0.0325138  0  -0.0325138
3.045  -0.0323401  0  -0.0323401
3.055  -0.0321892  0  -0.0321892
3.065  -0.0320539  0  -0.0320539
3.075  -0.0316701  0  -0.0316701
3.085  -0.0313312  0  -0.0313312
3.095  -0.0310473  0  -0.0310473
3.105  -0.031015  0  -0.031015
3.115  -0.0307982  0  -0.0307982
3.125  -0.0308896  0  -0.0308896
3.135  -0.0308665  0  -0.0308665
3.145  -0.0305869  0  -0.0305869
3.155  -0.0304651  0  -0.0304651
3.165  -0.0302419  0  -0.0302419
3.175  -0.0299479  0  -0.0299479
3.185  -0.0295471  0  -0.0295471
3.195  -0.0293085  0  -0.0293085
3.205  -0.0290824  0  -0.0290824
3.215  -0.0287971  0  -0.0287971
3.225  -0.0285517  0  -0.0285517
3.235  -0.0283811  0  -0.0283811
3.245  -0.0281302  0  -0.0281302
3.255  -0.0278998  0  -0.0278998
3.265  -0.0276403  0  -0.0276403
3.275  -0.0273037  0  -0.0273037
3.285  -0.0269591  0  -0.0269591
3.295  -0.0268394  0  -0.0268394
3.305  -0.0265185  0  -0.0265185
3.315  -0.0264401  0  -0.0264401
3.325  -0.0262759  0  -0.0262759
3.335  -0.0261889  0  -0.0261889
3.345  -0.0259197  0  -0.0259197
3.355  -0.025577  0  -0.025577
3.365  -0.0254533  0  -0.0254533
3.375  -0.0251128  0  -0.0251128
3.385  -0.0249631  0  -0.0249631
3.395  -0.0248673  0  -0.0248673
3.405  -0.0245936  0  -0.0245936
3.415  -0.0243111  0  -0.0243111
3.425  -0.0241399  0  -0.0241399
3.435  -0.0238261  0  -0.0238261
3.445  -0.0235992  0  -0.0235992
3.455  -0.0233427  0  -0.0233427
3.465  -0.0231815  0  -0.0231815
3.475  -0.0231514  0  -0.0231514
3.485  -0.0231803  0  -0.0231803
3.495  -0.0228592  0  -0.0228592
3.505  -0.022756  0  -0.022756
3.515  -0.0225516  0  -0.0225516
3.525  -0.0222863  0  -0.0222863
3.535  -0.0219207  0  -0.0219207
3.545  -0.0217554  0  -0.0217554
3.555  -0.0214563  0  -0.0214563
3.565  -0.0214275  0  -0.0214275
3.575  -0.0210953  0  -0.0210953
3.585  -0.0209497  0  -0.0209497
3.595  -0.0207908  0  -0.0207908
3.605  -0.0203862  0  -0.0203862
3.615  -0.0202423  0  -0.0202423
3.625  -0.0201059  0  -0.0201059
3.635  -0.019838  0  -0.019838
3.645  -0.0195838  0  -0.0195838
3.655  -0.0192599  0  -0.0192599
3.665  -0.018942  0  -0.018942
3.675  -0.0186347  0  -0.0186347
3.685  -0.018416  0  -0.018416
3.695  -0.0181764  0  -0.0181764
3.705  -0.0180677  0  -0.0180677
3.715  -0.0177498  0  -0.0177498
3.725  -0.0175755  0  -0.0175755
3.735  -0.0172773  0  -0.0172773
3.745  -0.0171535  0  -0.0171535
3.755  -0.0169057  0  -0.0169057
3.765  -0.0167622  0  -0.0167622
3.775  -0.0164959  0  -0.0164959
3.785  -0.0163085  0  -0.0163085
3.795  -0.0158584  0  -0.0158584
3.805  -0.0157143  0  -0.0157143
3.815  -0.0156504  0  -0.0156504
3.825  -0.0155105  0  -0.0155105
3.835  -0.0152988  0  -0.0152988
3.845  -0.015132  0  -0.015132
3.855  -0.0150208  0  -0.0150208
3.865  -0.0148832  0  -0.0148832
3.875  -0.0146234  0  -0.0146234
3.885  -0.0143439  0  -0.0143439
3.895  -0.0141501  0  -0.0141501
3.905  -0.0138701  0  -0.0138701
3.915  -0.0137266  0  -0.0137266
3.925  -0.0136192  0  -0.0136192
3.935  -0.0133371  0  -0.0133371
3.945  -0.0132495  0  -0.0132495
3.955  -0.0130588  0  -0.0130588
3.965  -0.0129937  0  -0.0129937
3.975  -0.012824  0  -0.012824
3.985  -0.0126137  0  -0.0126137
3.995  -0.0124186  0  -0.0124186
4.005  -0.0121722  0  -0.0121722
4.015  -0.0119587  0  -0.0119587
4.025  -0.0117434  0  -0.0117434
4.035  -0.0115347  0  -0.0115347
4.045  -0.0113712  0  -0.0113712
4.055  -0.011249  0  -0.011249
4.065  -0.0111764  0  -0.0111764
4.075  -0.0110869  0  -0.0110869
4.085  -0.0108991  0  -0.0108991
4.095  -0.0107531  0  -0.0107531
4.105  -0.0106269  0  -0.0106269
4.115  -0.0103209  0  -0.0103209
4.125  -0.0099482  0  -0.0099482
4.135  -0.00980599  0  -0.00980599
4.145  -0.00977769  0  -0.00977769
4.155  -0.00965997  0  -0.00965997
4.165  -0.00959017  0  -0.00959017
4.175  -0.00962529  0  -0.00962529
4.185  -0.00967536  0  -0.00967536
4.195  -0.00946753  0  -0.00946753
4.205  -0.00936565  0  -0.00936565
4.215  -0.00932639  0  -0.00932639
4.225  -0.00915383  0  -0.00915383
4.235  -0.0090783  0  -0.0090783
4.245  -0.00903505  0  -0.00903505
4.255  -0.00894867  0  -0.00894867
4.265  -0.00890113  0  -0.00890113
4.275  -0.00871292  0  -0.00871292
4.285  -0.00861921  0  -0.00861921
4.295  -0.00852124  0  -0.00852124
4.305  -0.00841385  0  -0.00841385
4.315  -0.00824321  0  -0.00824321
4.325  -0.00819399  0  -0.00819399
4.335  -0.00808736  0  -0.00808736
4.345  -0.0080522  0  -0.0080522
4.355  -0.00799747  0  -0.00799747
4.365  -0.00780139  0  -0.00780139
4.375  -0.00773314  0  -0.00773314
4.385  -0.00767124  0  -0.00767124
4.395  -0.00760284  0  -0.00760284
4.405  -0.00751004  0  -0.00751004
4.415  -0.00741274  0  -0.00741274
4.425  -0.00736508  0  -0.00736508
4.435  -0.00723025  0  -0.00723025
4.445  -0.00708882  0  -0.00708882
4.455  -0.00698289  0  -0.00698289
4.465  -0.00680088  0  -0.00680088
4.475  -0.00668099  0  -0.00668099
4.485  -0.00664872  0  -0.00664872
4.495  -0.00660948  0  -0.00660948
4.505  -0.0065196  0  -0.0065196
4.515  -0.00642633  0  -0.00642633
4.525  -0.00640138  0  -0.00640138
4.535  -0.00633866  0  -0.00633866
4.545  -0.00631782  0  -0.00631782
4.555  -0.00618279  0  -0.00618279
4.565  -0.00608751  0  -0.00608751
4.575  -0.00594966  0  -0.00594966
4.585  -0.00580906  0  -0.00580906
4.595  -0.00565303  0  -0.00565303
4.605  -0.00557251  0  -0.00557251
4.615  -0.00547324  0  -0.00547324
4.625  -0.00541255  0  -0.00541255
4.635  -0.0052654  0  -0.0052654
4.645  -0.0051598  0  -0.0051598
4.655  -0.00494214  0  -0.00494214
4.665  -0.004842  0  -0.004842
4.675  -0.00493729  0  -0.00493729
4.685  -0.00486407  0  -0.00486407
4.695  -0.00481793  0  -0.00481793
4.705  -0.00467177  0  -0.00467177
4.715  -0.00460786  0  -0.00460786
4.725  -0.00446056  0  -0.00446056
4.735  -0.00434937  0  -0.00434937
4.745  -0.00414658  0  -0.00414658
4.755  -0.00393386  0  -0.00393386
4.765  -0.00388835  0  -0.00388835
4.775  -0.00376761  0  -0.00376761
4.785  -0.00364477  0  -0.00364477
4.795  -0.00351881  0  -0.00351881
4.805  -0.00336297  0  -0.00336297
4.815  -0.00332038  0  -0.00332038
4.825  -0.00317165  0  -0.00317165
4.835  -0.00303196  0  -0.00303196
4.845  -0.00291403  0  -0.00291403
4.855  -0.00285378  0  -0.00285378
4.865  -0.00276769  0  -0.00276769
4.875  -0.00258031  0  -0.00258031
4.885  -0.002481  0  -0.002481
4.895  -0.00244074  0  -0.00244074
4.905  -0.0023377  0  -0.0023377
4.915  -0.00221541  0  -0.00221541
4.925  -0.00206467  0  -0.00206467
4.935  -0.0019261  0  -0.0019261
4.945  -0.00186698  0  -0.00186698
4.955  -0.00177064  0  -0.00177064
4.965  -0.0016916  0  -0.0016916
4.975  -0.00156128  0  -0.00156128
4.985  -0.00152411  0  -0.00152411
4.995  -0.00140964  0  -0.00140964
5.005  -0.00133505  0  -0.00133505
5.015  -0.00121032  0  -0.00121032
5.025  -0.00110119  0  -0.00110119
5.035  -0.00108334  0  -0.00108334
5.045  -0.00109987  0  -0.00109987
5.055  -0.00104471  0  -0.00104471
5.065  -0.000988506  0  -0.000988506
5.075  -0.000947989  0  -0.000947989
5.085  -0.000863204  0  -0.000863204
5.095  -0.00074479  0  -0.00074479
5.105  -0.000764546  0  -0.000764546
5.115  -0.000726565  0  -0.000726565
5.125  -0.000648615  0  -0.000648615
5.135  -0.000602483  0  -0.000602483
5.145  -0.000507192  0  -0.000507192
5.155  -0.000522216  0  -0.000522216
5.165  -0.00049154  0  -0.00049154
5.175  -0.00038944  0  -0.00038944
5.185  -0.000402415  0  -0.000402415
5.195  -0.000400894  0  -0.000400894
5.205  -0.000357159  0  -0.000357159
5.215  -0.000307829  0  -0.000307829
5.225  -0.000248589  0  -0.000248589
5.235  -0.000198807  0  -0.000198807
5.245  -0.000193374  0  -0.000193374
5.255  -0.000179097  0  -0.000179097
5.265  -0.00015477  0  -0.00015477
5.275  -0.000111221  0  -0.000111221
5.285  -9.61979e-05  0  -9.61979e-05
5.295  -8.96222e-05  0  -8.96222e-05
5.305  -8.99357e-05  0  -8.99357e-05
5.315  -8.05698e-05  0  -8.05698e-05
5.325  -7.32795e-05  0  -7.32795e-05
5.335  -7.74847e-05  0  -7.74847e-05
5.345  -7.19721e-05  0  -7.19721e-05
5.355  -5.92269e-05  0  -5.92269e-05
5.365  -7.21546e-05  0  -7.21546e-05
5.375  -3.90085e-05  0  -3.90085e-05
5.385  -2.87709e-05  0  -2.87709e-05
5.395  -1.71609e-05  0  -1.71609e-05
5.405  -1.49844e-05  0  -1.49844e-05
5.415  -1.88762e-06  0  -1.88762e-06
5.425  0  0  0
5.435  0  0  0
5.445  0  0  0
5.455  0  0  0
5.465  0  0  0
5.475  0  0  0
5.485  0  0  0
5.495  0  0  0
5.505  0  0  0
5.515  0  0  0
5.525  0  0  0
5.535  0  0  0
5.545  0  0  0
5.555  0  0  0
5.565  0  0  0
5.575  0  0  0
5.585  0  0  0
5.595  0  0  0
5.605  0  0  0
5.615  0  0  0
5.625  0  0  0
5.635  0  0  0
5.645  0  0  0
5.655  0  0  0
5.665  0  0  0
5.675  0  0  0
5.685  0  0  0
5.695  0  0  0
5.705  0  0  0
5.715  0  0  0
5.725  0  0  0
5.735  0  0  0
5.745  0  0  0
5.755  0  0  0
5.765  0  0  0
5.775  0  0  0
5.785  0  0  0
5.795  0  0  0
5.805  0  0  0
5.815  0  0  0
5.825  0  0  0
5.835  0  0  0
5.845  0  0  0
5.855  0  0  0
5.865  0  0  0
5.875  0  0  0
5.885  0  0  0
5.895  0  0  0
5.905  0  0  0
5.915  0  0  0
5.925  0  0  0
5.935  0  0  0
5.945  0  0  0
5.955  0  0  0
5.965  0  0  0
5.975  0  0  0
5.985  0  0  0
5.995  0  0  0
6.005  0  0  0
6.015  0  0  0
6.025  0  0  0
6.035  0  0  0
6.045  0  0  0
6.055  0  0  0
6.065  0  0  0
6.075  0  0  0
6.085  0  0  0
6.095  0  0  0
6.105  0  0  0
6.115  0  0  0
6.125  0  0  0
6.135  0  0  0
6.145  0  0  0
6.155  0  0  0
6.165  0  0  0
6.175  0  0  0
6.185  0  0  0
6.195  0  0  0
6.205  0  0  0
6.215  0  0  0
6.225  0  0  0
6.235  0  0  0
6.245  0  0  0
6.255  0  0  0
6.265  0  0  0
6.275  0  0  0
6.285  0  0  0
6.295  0  0  0
6.305  0  0  0
6.315  0  0  0
6.325  0  0  0
6.335  0  0  0
6.345  0  0  0
6.355  0  0  0
6.365  0  0  0
6.375  0  0  0
6.385  0  0  0
6.395  0  0  0
6.405  0  0  0
6.415  0  0  0
6.425  0  0  0
6.435  0  0  0
6.445  0  0  0
6.455  0  0  0
6.465  0  0  0
6.475  0  0  0
6.485  0  0  0
6.495  0  0  0
6.505  0  0  0
6.515  0  0  0
6.525  0  0  0
6.535  0  0  0
6.545  0  0  0
6.555  0  0  0
6.565  0  0  0
6.575  0  0  0
6.585  0  0  0
6.595  0  0  0
6.605  0  0  0
6.615  0  0  0
6.625  0  0  0
6.635  0  0  0
6.645  0  0  0
6.655  0  0  0
6.665  0  0  0
6.675  0  0  0
6.685  0  0  0
6.695  0  0  0
6.705  0  0  0
6.715  0  0  0
6.725  0  0  0
6.735  0  0  0
6.745  0  0  0
6.755  0  0  0
6.765  0  0  0
6.775  0  0  0
6.785  0  0  0
6.795  0  0  0
6.805  0  0  0
6.815  0  0  0
6.825  0  0  0
6.835  0  0  0
6.845  0  0  0
6.855  0  0  0
6.865  0  0  0
6.875  0  0  0
6.885  0  0  0
6.895  0  0  0
6.905  0  0  0
6.915  0  0  0
6.925  0  0  0
6.935  0  0  0
6.945  0  0  0
6.955  0  0  0
6.965  0  0  0
6.975  0  0  0
6.985  0  0  0
6.995  0  0  0
7.005  0  0  0
7.015  0  0  0
7.025  0  0  0
7.035  0  0  0
7.045  0  0  0
7.055  0  0  0
7.065  0  0  0
7.075  0  0  0
7.085  0  0  0
7.095  0  0  0
7.105  0  0  0
7.115  0  0  0
7.125  0  0  0
7.135  0  0  0
7.145  0  0  0
7.155  0  0  0
7.165  0  0  0
7.175  0  0  0
7.185  0  0  0
7.195  0  0  0
7.205  0  0  0
7.215  0  0  0
7.225  0  0  0
7.235  0  0  0
7.245  0  0  0
7.255  0  0  0
7.265  0  0  0
7.275  0  0  0
7.285  0  0  0
7.295  0  0  0
7.305  0  0  0
7.315  0  0  0
7.325  0  0  0
7.335  0  0  0
7.345  0  0  0
7.355  0  0  0
7.365  0  0  0
7.375  0  0  0
7.385  0  0  0
7.395  0  0  0
7.405  0  0  0
7.415  0  0  0
7.425  0  0  0
7.435  0  0  0
7.445  0  0  0
7.455  0  0  0
7.465  0  0  0
7.475  0  0  0
7.485  0  0  0
7.495  0  0  0
7.505  0  0  0
7.515  0  0  0
7.525  0  0  0
7.535  0  0  0
7.545  0  0  0
7.555  0  0  0
7.565  0  0  0
7.575  0  0  0
7.585  0  0  0
7.595  0  0  0
7.605  0  0  0
7.615  0  0  0
7.625  0  0  0
7.635  0  0  0
7.645  0  0  0
7.655  0  0  0
7.665  0  0  0
7.675  0  0  0
7.685  0  0  0
7.695  0  0  0
7.705  0  0  0
7.715  0  0  0
7.725  0  0  0
7.735  0  0  0
7.745  0  0  0
7.755  0  0  0
7.765  0  0  0
7.775  0  0  0
7.785  0  0  0
7.795  0  0  0
7.805  0  0  0
7.815  0  0  0
7.825  0  0  0
7.835  0  0  0
7.845  0  0  0
7.855  0  0  0
7.865  0  0  0
7.875  0  0  0
7.885  0  0  0
7.895  0  0  0
7.905  0  0  0
7.915  0  0  0
7.925  0  0  0
7.935  0  0  0
7.945  0  0  0
7.955  0  0  0
7.965  0  0  0
7.975  0  0  0
7.985  0  0  0
7.995  0  0  0
8.005  0  0  0
8.015  0  0  0
8.025  0  0  0
8.035  0  0  0
8.045  0  0  0
8.055  0  0  0
8.065  0  0  0
8.075  0  0  0
8.085  0  0  0
8.095  0  0  0
8.105  0  0  0
8.115  0  0  0
8.125  0  0  0
8.135  0  0  0
8.145  0  0  0
8.155  0  0  0
8.165  0  0  0
8.175  0  0  0
8.185  0  0  0
8.195  0  0  0
8.205  0  0  0
8.215  0  0  0
8.225  0  0  0
8.235  0  0  0
8.245  0  0  0
8.255  0  0  0
8.265  0  0  0
8.275  0  0  0
8.285  0  0  0
8.295  0  0  0
8.305  0  0  0
8.315  0  0  0
8.325  0  0  0
8.335  0  0  0
8.345  0  0  0
8.355  0  0  0
8.365  0  0  0
8.375  0  0  0
8.385  0  0  0
8.395  0  0  0
8.405  0  0  0
8.415  0  0  0
8.425  0  0  0
8.435  0  0  0
8.445  0  0  0
8.455  0  0  0
8.465  0  0  0
8.475  0  0  0
8.485  0  0  0
8.495  0  0  0
8.505  0  0  0
8.515  0  0  0
8.525  0  0  0
8.535  0  0  0
8.545  0  0  0
8.555  0  0  0
8.565  0  0  0
8.575  0  0  0
8.585  0  0  0
8.595  0  0  0
8.605  0  0  0
8.615  0  0  0
8.625  0  0  0
8.635  0  0  0
8.645  0  0  0
8.655  0  0  0
8.665  0  0  0
8.675  0  0  0
8.685  0  0  0
8.695  0  0  0
8.705  0  0  0
8.715  0  0  0
8.725  0  0  0
8.735  0  0  0
8.745  0  0  0
8.755  0  0  0
8.765  0  0  0
8.775  0  0  0
8.785  0  0  0
8.795  0  0  0
8.805  0  0  0
8.815  0  0  0
8.825  0  0  0
8.835  0  0  0
8.845  0  0  0
8.855  0  0  0
8.865  0  0  0
8.875  0  0  0
8.885  0  0  0
8.895  0  0  0
8.905  0  0  0
8.915  0  0  0
8.925  0  0  0
8.935  0  0  0
8.945  0  0  0
8.955  0  0  0
8.965  0  0  0
8.975  0  0  0
8.985  0  0  0
8.995  0  0  0
9.005  0  0  0
9.015  0  0  0
9.025  0  0  0
9.035  0  0  0
9.045  0  0  0
9.055  0  0  0
9.065  0  0  0
9.075  0  0  0
9.085  0  0  0
9.095  0  0  0
9.105  0  0  0
9.115  0  0  0
9.125  0  0  0
9.135  0  0  0
9.145  0  0  0
9.155  0  0  0
9.165  0  0  0
9.175  0  0  0
9.185  0  0  0
9.195  0  0  0
9.205  0  0  0
9.215  0  0  0
9.225  0  0  0
9.235  0  0  0
9.245  0  0  0
9.255  0  0  0
9.265  0  0  0
9.275  0  0  0
9.285  0  0  0
9.295  0  0  0
9.305  0  0  0
9.315  0  0  0
9.325  0  0  0
9.335  0  0  0
9.345  0  0  0
9.355  0  0  0
9.365  0  0  0
9.375  0  0  0
9.385  0  0  0
9.395  0  0  0
9.405  0  0  0
9.415  0  0  0
9.425  0  0  0
9.435  0  0  0
9.445  0  0  0
9.455  0  0  0
9.465  0  0  0
9.475  0  0  0
9.485  0  0  0
9.495  0  0  0
9.505  0  0  0
9.515  0  0  0
9.525  0  0  0
9.535  0  0  0
9.545  0  0  0
9.555  0  0  0
9.565  0  0  0
9.575  0  0  0
9.585  0  0  0
9.595  0  0  0
9.605  0  0  0
9.615  0  0  0
9.625  0  0  0
9.635  0  0  0
9.645  0  0  0
9.655  0  0  0
9.665  0  0  0
9.675  0  0  0
9.685  0  0  0
9.695  0  0  0
9.705  0  0  0
9.715  0  0  0
9.725  0  0  0
9.735  0  0  0
9.745  0  0  0
9.755  0  0  0
9.765  0  0  0
9.775  0  0  0
9.785  0  0  0
9.795  0  0  0
9.805  0  0  0
9.815  0  0  0
9.825  0  0  0
9.835  0  0  0
9.845  0  0  0
9.855  0  0  0
9.865  0  0  0
9.875  0  0  0
9.885  0  0  0
9.895  0  0  0
9.905  0  0  0
9.915  0  0  0
9.925  0  0  0
9.935  0  0  0
9.945  0  0  0
9.955  0  0  0
9.965  0  0  0
9.975  0  0  0
9.985  0  0  0
9.995  0  0  0
