0.005  -0.651773  -0.449503  -0.202271
0.015  -0.671406  -0.464429  -0.206978
0.025  -0.674292  -0.469785  -0.204507
0.035  -0.67255  -0.468804  -0.203746
0.045  -0.657421  -0.458006  -0.199415
0.055  -0.649152  -0.45106  -0.198091
0.065  -0.647449  -0.451702  -0.195747
0.075  -0.646653  -0.452097  -0.194556
0.085  -0.640339  -0.446815  -0.193524
0.095  -0.63177  -0.43972  -0.19205
0.105  -0.620314  -0.429827  -0.190487
0.115  -0.616434  -0.426888  -0.189547
0.125  -0.614681  -0.428022  -0.186659
0.135  -0.617488  -0.432232  -0.185256
0.145  -0.619377  -0.43559  -0.183787
0.155  -0.621107  -0.439162  -0.181946
0.165  -0.624113  -0.44314  -0.180974
0.175  -0.624406  -0.445474  -0.178932
0.185  -0.620045  -0.442829  -0.177217
0.195  -0.615534  -0.440603  -0.174931
0.205  -0.609629  -0.434995  -0.174633
0.215  -0.60297  -0.429826  -0.173144
0.225  -0.59701  -0.423871  -0.173139
0.235  -0.588135  -0.415767  -0.172368
0.245  -0.588997  -0.418298  -0.170699
0.255  -0.589418  -0.419774  -0.169645
0.265  -0.592864  -0.424951  -0.167913
0.275  -0.600067  -0.433975  -0.166092
0.285  -0.604036  -0.439182  -0.164854
0.295  -0.606913  -0.443446  -0.163467
0.305  -0.609148  -0.447252  -0.161897
0.315  -0.611335  -0.451912  -0.159423
0.325  -0.612293  -0.454196  -0.158098
0.335  -0.609592  -0.452299  -0.157294
0.345  -0.606301  -0.449936  -0.156365
0.355  -0.600182  -0.445027  -0.155155
0.365  -0.59275  -0.438525  -0.154225
0.375  -0.587042  -0.434116  -0.152926
0.385  -0.57777  -0.42789  -0.14988
0.395  -0.570578  -0.4223  -0.148278
0.405  -0.567894  -0.421403  -0.146491
0.415  -0.563257  -0.417702  -0.145556
0.425  -0.558631  -0.413645  -0.144986
0.435  -0.56049  -0.416247  -0.144243
0.445  -0.558093  -0.414892  -0.143201
0.455  -0.553777  -0.41175  -0.142027
0.465  -0.547419  -0.406209  -0.14121
0.475  -0.546532  -0.406772  -0.13976
0.485  -0.545272  -0.406996  -0.138276
0.495  -0.542845  -0.405421  -0.137423
0.505  -0.54581  -0.410431  -0.135379
0.515  -0.549791  -0.414972  -0.134818
0.525  -0.547763  -0.413609  -0.134154
0.535  -0.551654  -0.417813  -0.13384
0.545  -0.552294  -0.419261  -0.133033
0.555  -0.551177  -0.418674  -0.132503
0.565  -0.55348  -0.422138  -0.131342
0.575  -0.553545  -0.423175  -0.13037
0.585  -0.548978  -0.419731  -0.129247
0.595  -0.54476  -0.416574  -0.128185
0.605  -0.543867  -0.417022  -0.126845
0.615  -0.544092  -0.418619  -0.125474
0.625  -0.538929  -0.41467  -0.124259
0.635  -0.529587  -0.406714  -0.122872
0.645  -0.530978  -0.408486  -0.122492
0.655  -0.530652  -0.408227  -0.122425
0.665  -0.529273  -0.407677  -0.121596
0.675  -0.531471  -0.410152  -0.121319
0.685  -0.534068  -0.413356  -0.120712
0.695  -0.533552  -0.413874  -0.119678
0.705  -0.532874  -0.413925  -0.118948
0.715  -0.535793  -0.418188  -0.117605
0.725  -0.537992  -0.421531  -0.116461
0.735  -0.540068  -0.424377  -0.115691
0.745  -0.543082  -0.428475  -0.114607
0.755  -0.544327  -0.430723  -0.113603
0.765  -0.548204  -0.434861  -0.113343
0.775  -0.552606  -0.438995  -0.113611
0.785  -0.553983  -0.440706  -0.113276
0.795  -0.555259  -0.44258  -0.11268
0.805  -0.5585  -0.446516  -0.111984
0.815  -0.557297  -0.446569  -0.110729
0.825  -0.553807  -0.44456  -0.109246
0.835  -0.553257  -0.445392  -0.107864
0.845  -0.549143  -0.442271  -0.106872
0.855  -0.544571  -0.438406  -0.106165
0.865  -0.537192  -0.431546  -0.105645
0.875  -0.532785  -0.427245  -0.105539
0.885  -0.532155  -0.42709  -0.105065
0.895  -0.525035  -0.421077  -0.103958
0.905  -0.520009  -0.417131  -0.102878
0.915  -0.517957  -0.415865  -0.102092
0.925  -0.514829  -0.413327  -0.101502
0.935  -0.513569  -0.412544  -0.101025
0.945  -0.514167  -0.413641  -0.100526
0.955  -0.512398  -0.41242  -0.0999782
0.965  -0.509335  -0.409944  -0.0993905
0.975  -0.509803  -0.411103  -0.0986995
0.985  -0.505794  -0.408149  -0.0976449
0.995  -0.49922  -0.402136  -0.0970843
1.005  -0.491378  -0.395165  -0.096213
1.015  -0.487431  -0.391489  -0.0959418
1.025  -0.48342  -0.38756  -0.0958604
1.035  -0.478895  -0.383869  -0.0950257
1.045  -0.473153  -0.378824  -0.0943295
1.055  -0.470421  -0.376413  -0.0940087
1.065  -0.467681  -0.374725  -0.0929558
1.075  -0.464502  -0.372056  -0.0924465
1.085  -0.461945  -0.369683  -0.0922623
1.095  -0.462893  -0.371122  -0.0917715
1.105  -0.46214  -0.371041  -0.0910993
1.115  -0.463698  -0.373397  -0.0903009
1.125  -0.46604  -0.37643  -0.0896101
1.135  -0.466932  -0.377968  -0.0889641
1.145  -0.466072  -0.377796  -0.0882756
1.155  -0.466941  -0.379126  -0.0878145
1.165  -0.471085  -0.383537  -0.087548
1.175  -0.47331  -0.38654  -0.08677
1.185  -0.477259  -0.391037  -0.0862226
1.195  -0.482187  -0.396381  -0.0858054
1.205  -0.484428  -0.399054  -0.0853741
1.215  -0.485342  -0.400385  -0.0849566
1.225  -0.489532  -0.405115  -0.0844176
1.235  -0.488549  -0.404609  -0.0839403
1.245  -0.485637  -0.402306  -0.0833309
1.255  -0.486381  -0.404127  -0.0822539
1.265  -0.489626  -0.408469  -0.081157
1.275  -0.48944  -0.408837  -0.0806026
1.285  -0.492442  -0.412674  -0.079768
1.295  -0.497674  -0.418727  -0.0789473
1.305  -0.49696  -0.418522  -0.0784377
1.315  -0.499044  -0.420657  -0.078387
1.325  -0.502587  -0.424924  -0.0776628
1.335  -0.504339  -0.427467  -0.0768716
1.345  -0.505917  -0.430045  -0.0758719
1.355  -0.509116  -0.434032  -0.0750841
1.365  -0.512685  -0.438223  -0.0744625
1.375  -0.515347  -0.441317  -0.0740302
1.385  -0.519563  -0.445842  -0.0737202
1.395  -0.522619  -0.449168  -0.0734508
1.405  -0.524099  -0.451251  -0.0728483
1.415  -0.525365  -0.453113  -0.0722517
1.425  -0.523833  -0.451913  -0.07192
1.435  -0.523296  -0.451984  -0.0713115
1.445  -0.523939  -0.45344  -0.0704989
1.455  -0.522426  -0.452434  -0.0699919
1.465  -0.523766  -0.454319  -0.0694475
1.475  -0.521511  -0.452721  -0.0687894
1.485  -0.513516  -0.445211  -0.0683045
1.495  -0.508731  -0.440846  -0.0678851
1.505  -0.501366  -0.433881  -0.0674849
1.515  -0.496842  -0.430182  -0.0666602
1.525  -0.489102  -0.42295  -0.0661526
1.535  -0.477918  -0.412295  -0.0656232
1.545  -0.475067  -0.409769  -0.0652984
1.555  -0.470921  -0.406122  -0.0647992
1.565  -0.462027  -0.397289  -0.0647385
1.575  -0.451095  -0.386744  -0.0643508
1.585  -0.437426  -0.373429  -0.0639971
1.595  -0.426471  -0.362838  -0.0636322
1.605  -0.408898  -0.345618  -0.06328
1.615  -0.396764  -0.334138  -0.0626257
1.625  -0.387989  -0.32565  -0.0623395
1.635  -0.369027  -0.307055  -0.0619723
1.645  -0.350532  -0.288803  -0.0617287
1.655  -0.336558  -0.275138  -0.0614194
1.665  -0.326355  -0.265119  -0.0612356
1.675  -0.310333  -0.249668  -0.060665
1.685  -0.296036  -0.235951  -0.0600853
1.695  -0.284037  -0.224472  -0.0595655
1.705  -0.27096  -0.211821  -0.0591392
1.715  -0.262133  -0.20373  -0.0584025
1.725  -0.249676  -0.191913  -0.0577631
1.735  -0.242061  -0.184575  -0.0574863
1.745  -0.236345  -0.179053  -0.0572924
1.755  -0.229914  -0.173243  -0.0566713
1.765  -0.226805  -0.170492  -0.0563125
1.775  -0.223805  -0.167732  -0.0560732
1.785  -0.219357  -0.163682  -0.0556749
1.795  -0.217186  -0.161938  -0.055248
1.805  -0.215466  -0.160578  -0.0548877
1.815  -0.211643  -0.1571  -0.0545428
1.825  -0.207576  -0.153518  -0.0540581
1.835  -0.202293  -0.148682  -0.0536108
1.845  -0.20002  -0.146719  -0.0533012
1.855  -0.1957  -0.142751  -0.0529486
1.865  -0.190654  -0.137889  -0.0527655
1.875  -0.186383  -0.134127  -0.0522556
1.885  -0.18165  -0.129574  -0.0520759
1.895  -0.178358  -0.12658  -0.0517788
1.905  -0.172577  -0.121352  -0.0512247
1.915  -0.169995  -0.119118  -0.0508776
1.925  -0.167603  -0.11698  -0.0506232
1.935  -0.161202  -0.110882  -0.0503197
1.945  -0.1582  -0.108107  -0.0500927
1.955  -0.153464  -0.103852  -0.0496123
1.965  -0.1495  -0.100054  -0.0494461
1.975  -0.145635  -0.0964286  -0.0492065
1.985  -0.143033  -0.0939426  -0.0490902
1.995  -0.139367  -0.090877  -0.0484898
2.005  -0.133061  -0.0847539  -0.0483072
2.015  -0.126379  -0.0781865  -0.0481924
2.025  -0.12222  -0.07418  -0.0480402
2.035  -0.119201  -0.0713267  -0.0478741
2.045  -0.116583  -0.0688248  -0.047758
2.055  -0.115087  -0.0675304  -0.0475568
2.065  -0.112915  -0.0655981  -0.047317
2.075  -0.106432  -0.0593845  -0.0470475
2.085  -0.0986745  -0.0522502  -0.0464243
2.095  -0.0929676  -0.0468777  -0.0460899
2.105  -0.0880083  -0.0421986  -0.0458096
2.115  -0.0851283  -0.039358  -0.0457703
2.125  -0.0820139  -0.0365191  -0.0454948
2.135  -0.0776356  -0.0324573  -0.0451783
2.145  -0.074024  -0.0291389  -0.0448851
2.155  -0.0696575  -0.0249823  -0.0446752
2.165  -0.0643465  -0.0199984  -0.0443481
2.175  -0.0619683  -0.018067  -0.0439013
2.185  -0.0606757  -0.0167918  -0.043884
2.195  -0.059006  -0.0151943  -0.0438117
2.205  -0.0560338  -0.0124454  -0.0435884
2.215  -0.0540657  -0.0105717  -0.043494
2.225  -0.0531954  -0.00986996  -0.0433255
2.235  -0.0503586  -0.00751084  -0.0428478
2.245  -0.0482395  -0.00582599  -0.0424135
2.255  -0.0474557  -0.0051612  -0.0422945
2.265  -0.0461523  -0.00404204  -0.0421103
2.275  -0.0452237  -0.00322654  -0.0419972
2.285  -0.0443248  -0.00241955  -0.0419053
2.295  -0.043415  -0.0016022  -0.0418128
2.305  -0.0430953  -0.001629  -0.0414663
2.315  -0.0426255  -0.00163696  -0.0409885
2.325  -0.0420519  -0.00138839  -0.0406635
2.335  -0.0413544  -0.000982331  -0.0403721
2.345  -0.0410551  -0.000735601  -0.0403195
2.355  -0.040866  -0.000622652  -0.0402433
2.365  -0.0406188  -0.000325624  -0.0402931
2.375  -0.0402311  -0.000204905  -0.0400262
2.385  -0.0400361  -0.000162795  -0.0398733
2.395  -0.0397085  -4.20575e-05  -0.0396665
2.405  -0.0393471  0  -0.0393471
2.415  -0.0392978  0  -0.0392978
2.425  -0.0393579  0  -0.0393579
2.435  -0.0391139  0  -0.0391139
2.445  -0.0389734  0  -0.0389734
2.455  -0.0388302  0  -0.0388302
2.465  -0.0385139  0  -0.0385139
2.475  -0.0380672  0  -0.0380672
2.485  -0.0374984  0  -0.0374984
2.495  -0.0373867  0  -0.0373867
2.505  -0.0371922  0  -0.0371922
2.515  -0.0368339  0  -0.0368339
2.525  -0.0366104  0  -0.0366104
2.535  -0.0366221  0  -0.0366221
2.545  -0.0363045  0  -0.0363045
2.555  -0.0362272  0  -0.0362272
2.565  -0.0361229  0  -0.0361229
2.575  -0.0359394  0  -0.0359394
2.585  -0.0357418  0  -0.0357418
2.595  -0.0354843  0  -0.0354843
2.605  -0.0352882  0  -0.0352882
2.615  -0.0350678  0  -0.0350678
2.625  -0.0348603  0  -0.0348603
2.635  -0.0344842  0  -0.0344842
2.645  -0.0344227  0  -0.0344227
2.655  -0.0343342  0  -0.0343342
2.665  -0.0340755  0  -0.0340755
2.675  -0.0338928  0  -0.0338928
2.685  -0.0336081  0  -0.0336081
2.695  -0.0332543  0  -0.0332543
2.705  -0.0331426  0  -0.0331426
2.715  -0.0331024  0  -0.0331024
2.725  -0.0330192  0  -0.0330192
2.735  -0.0327724  0  -0.0327724
2.745  -0.0327006  0  -0.0327006
2.755  -0.0324202  0  -0.0324202
2.765  -0.0322904  0  -0.0322904
2.775  -0.032036  0  -0.032036
2.785  -0.0317446  0  -0.0317446
2.795  -0.0316939  0  -0.0316939
2.805  -0.0315277  0  -0.0315277
2.815  -0.0313038  0  -0.0313038
2.825  -0.030973  0  -0.030973
2.835  -0.0308668  0  -0.0308668
2.845  -0.0305717  0  -0.0305717
2.855  -0.0303217  0  -0.0303217
2.865  -0.0302018  0  -0.0302018
2.875  -0.0300383  0  -0.0300383
2.885  -0.0297599  0  -0.0297599
2.895  -0.0297352  0  -0.0297352
2.905  -0.0295284  0  -0.0295284
2.915  -0.0293773  0  -0.0293773
2.925  -0.0293227  0  -0.0293227
2.935  -0.0289365  0  -0.0289365
2.945  -0.028649  0  -0.028649
2.955  -0.0281936  0  -0.0281936
2.965  -0.0280001  0  -0.0280001
2.975  -0.0278456  0  -0.0278456
2.985  -0.0275348  0  -0.0275348
2.995  -0.0273909  0  -0.0273909
3.005  -0.0272405  0  -0.0272405
3.015  -0.0271218  0  -0.0271218
3.025  -0.0269286  0  -0.0269286
3.035  -0.0268383  0  -0.0268383
3.045  -0.0266198  0  -0.0266198
3.055  -0.0263581  0  -0.0263581
3.065  -0.0258854  0  -0.0258854
3.075  -0.0255749  0  -0.0255749
3.085  -0.0253898  0  -0.0253898
3.095  -0.0251569  0  -0.0251569
3.105  -0.0249349  0  -0.0249349
3.115  -0.024894  0  -0.024894
3.125  -0.0249092  0  -0.0249092
3.135  -0.0248178  0  -0.0248178
3.145  -0.0245785  0  -0.0245785
3.155  -0.0245336  0  -0.0245336
3.165  -0.0244307  0  -0.0244307
3.175  -0.0241791  0  -0.0241791
3.185  -0.0239901  0  -0.0239901
3.195  -0.0239037  0  -0.0239037
3.205  -0.0238159  0  -0.0238159
3.215  -0.0235915  0  -0.0235915
3.225  -0.0233958  0  -0.0233958
3.235  -0.0231307  0  -0.0231307
3.245  -0.0228536  0  -0.0228536
3.255  -0.0225197  0  -0.0225197
3.265  -0.0221455  0  -0.0221455
3.275  -0.0220258  0  -0.0220258
3.285  -0.021768  0  -0.021768
3.295  -0.0217138  0  -0.0217138
3.305  -0.0216004  0  -0.0216004
3.315  -0.021422  0  -0.021422
3.325  -0.0213697  0  -0.0213697
3.335  -0.0212645  0  -0.0212645
3.345  -0.0210656  0  -0.0210656
3.355  -0.0208352  0  -0.0208352
3.365  -0.0205848  0  -0.0205848
3.375  -0.0205893  0  -0.0205893
3.385  -0.0203915  0  -0.0203915
3.395  -0.0202558  0  -0.0202558
3.405  -0.0201272  0  -0.0201272
3.415  -0.0199766  0  -0.0199766
3.425  -0.020016  0  -0.020016
3.435  -0.0199789  0  -0.0199789
3.445  -0.0199389  0  -0.0199389
3.455  -0.0198086  0  -0.0198086
3.465  -0.0196997  0  -0.0196997
3.475  -0.0195215  0  -0.0195215
3.485  -0.0193805  0  -0.0193805
3.495  -0.0192117  0  -0.0192117
3.505  -0.0191322  0  -0.0191322
3.515  -0.0189625  0  -0.0189625
3.525  -0.0187972  0  -0.0187972
3.535  -0.0186429  0  -0.0186429
3.545  -0.0184685  0  -0.0184685
3.555  -0.0182127  0  -0.0182127
3.565  -0.0181  0  -0.0181
3.575  -0.0179998  0  -0.0179998
3.585  -0.0179952  0  -0.0179952
3.595  -0.0178807  0  -0.0178807
3.605  -0.0178239  0  -0.0178239
3.615  -0.0176685  0  -0.0176685
3.625  -0.0176014  0  -0.0176014
3.635  -0.0173615  0  -0.0173615
3.645  -0.0172936  0  -0.0172936
3.655  -0.0170674  0  -0.0170674
3.665  -0.0168739  0  -0.0168739
3.675  -0.0166902  0  -0.0166902
3.685  -0.016576  0  -0.016576
3.695  -0.0164482  0  -0.0164482
3.705  -0.0164034  0  -0.0164034
3.715  -0.016261  0  -0.016261
3.725  -0.0162863  0  -0.0162863
3.735  -0.0161698  0  -0.0161698
3.745  -0.0160547  0  -0.0160547
3.755  -0.0159258  0  -0.0159258
3.765  -0.0158326  0  -0.0158326
3.775  -0.015587  0  -0.015587
3.785  -0.0155098  0  -0.0155098
3.795  -0.0153002  0  -0.0153002
3.805  -0.0151136  0  -0.0151136
3.815  -0.0149864  0  -0.0149864
3.825  -0.0148285  0  -0.0148285
3.835  -0.0148201  0  -0.0148201
3.845  -0.0147888  0  -0.0147888
3.855  -0.0145896  0  -0.0145896
3.865  -0.0142981  0  -0.0142981
3.875  -0.0141041  0  -0.0141041
3.885  -0.0139258  0  -0.0139258
3.895  -0.013819  0  -0.013819
3.905  -0.0136195  0  -0.0136195
3.915  -0.0134603  0  -0.0134603
3.925  -0.0135  0  -0.0135
3.935  -0.0134732  0  -0.0134732
3.945  -0.0134668  0  -0.0134668
3.955  -0.0133027  0  -0.0133027
3.965  -0.013089  0  -0.013089
3.975  -0.0129835  0  -0.0129835
3.985  -0.0127696  0  -0.0127696
3.995  -0.0125514  0  -0.0125514
4.005  -0.0123668  0  -0.0123668
4.015  -0.0123206  0  -0.0123206
4.025  -0.0121965  0  -0.0121965
4.035  -0.0121446  0  -0.0121446
4.045  -0.0121288  0  -0.0121288
4.055  -0.0120581  0  -0.0120581
4.065  -0.011778  0  -0.011778
4.075  -0.0116349  0  -0.0116349
4.085  -0.0116069  0  -0.0116069
4.095  -0.0115397  0  -0.0115397
4.105  -0.0112857  0  -0.0112857
4.115  -0.0111291  0  -0.0111291
4.125  -0.0109341  0  -0.0109341
4.135  -0.0108087  0  -0.0108087
4.145  -0.0107152  0  -0.0107152
4.155  -0.0105545  0  -0.0105545
4.165  -0.0104378  0  -0.0104378
4.175  -0.0103186  0  -0.0103186
4.185  -0.0100606  0  -0.0100606
4.195  -0.00988477  0  -0.00988477
4.205  -0.0096507  0  -0.0096507
4.215  -0.00957625  0  -0.00957625
4.225  -0.00947535  0  -0.00947535
4.235  -0.00933886  0  -0.00933886
4.245  -0.00922067  0  -0.00922067
4.255  -0.00902728  0  -0.00902728
4.265  -0.00894795  0  -0.00894795
4.275  -0.00884466  0  -0.00884466
4.285  -0.00877181  0  -0.00877181
4.295  -0.00854127  0  -0.00854127
4.305  -0.0083721  0  -0.0083721
4.315  -0.00833948  0  -0.00833948
4.325  -0.00830655  0  -0.00830655
4.335  -0.00834282  0  -0.00834282
4.345  -0.00815672  0  -0.00815672
4.355  -0.0080632  0  -0.0080632
4.365  -0.00798482  0  -0.00798482
4.375  -0.00783929  0  -0.00783929
4.385  -0.00781426  0  -0.00781426
4.395  -0.0076844  0  -0.0076844
4.405  -0.00742451  0  -0.00742451
4.415  -0.00727651  0  -0.00727651
4.425  -0.00709919  0  -0.00709919
4.435  -0.00692084  0  -0.00692084
4.445  -0.00679283  0  -0.00679283
4.455  -0.00655356  0  -0.00655356
4.465  -0.0063564  0  -0.0063564
4.475  -0.00629506  0  -0.00629506
4.485  -0.00617083  0  -0.00617083
4.495  -0.00593601  0  -0.00593601
4.505  -0.00578235  0  -0.00578235
4.515  -0.00566372  0  -0.00566372
4.525  -0.00550836  0  -0.00550836
4.535  -0.0053661  0  -0.0053661
4.545  -0.00535833  0  -0.00535833
4.555  -0.00537211  0  -0.00537211
4.565  -0.00521847  0  -0.00521847
4.575  -0.00513615  0  -0.00513615
4.585  -0.00510859  0  -0.00510859
4.595  -0.00497891  0  -0.00497891
4.605  -0.00483138  0  -0.00483138
4.615  -0.00475618  0  -0.00475618
4.625  -0.00472354  0  -0.00472354
4.635  -0.00454569  0  -0.00454569
4.645  -0.00438376  0  -0.00438376
4.655  -0.00427254  0  -0.00427254
4.665  -0.00411064  0  -0.00411064
4.675  -0.00393036  0  -0.00393036
4.685  -0.00377853  0  -0.00377853
4.695  -0.00364352  0  -0.00364352
4.705  -0.0035638  0  -0.0035638
4.715  -0.00339043  0  -0.00339043
4.725  -0.00328043  0  -0.00328043
4.735  -0.00314279  0  -0.00314279
4.745  -0.00301266  0  -0.00301266
4.755  -0.00293662  0  -0.00293662
4.765  -0.00276004  0  -0.00276004
4.775  -0.00276739  0  -0.00276739
4.785  -0.00270459  0  -0.00270459
4.795  -0.00265999  0  -0.00265999
4.805  -0.00254434  0  -0.00254434
4.815  -0.00233998  0  -0.00233998
4.825  -0.00223604  0  -0.00223604
4.835  -0.00216408  0  -0.00216408
4.845  -0.00202486  0  -0.00202486
4.855  -0.00197044  0  -0.00197044
4.865  -0.00178357  0  -0.00178357
4.875  -0.00172978  0  -0.00172978
4.885  -0.00166218  0  -0.00166218
4.895  -0.0015751  0  -0.0015751
4.905  -0.00141586  0  -0.00141586
4.915  -0.00133509  0  -0.00133509
4.925  -0.00124839  0  -0.00124839
4.935  -0.00111622  0  -0.00111622
4.945  -0.00110422  0  -0.00110422
4.955  -0.00105981  0  -0.00105981
4.965  -0.000960455  0  -0.000960455
4.975  -0.000898895  0  -0.000898895
4.985  -0.000793296  0  -0.000793296
4.995  -0.000761397  0  -0.000761397
5.005  -0.000713216  0  -0.000713216
5.015  -0.000634426  0  -0.000634426
5.025  -0.000607823  0  -0.000607823
5.035  -0.000542277  0  -0.000542277
5.045  -0.000491905  0  -0.000491905
5.055  -0.000516014  0  -0.000516014
5.065  -0.000490468  0  -0.000490468
5.075  -0.000453145  0  -0.000453145
5.085  -0.0003827  0  -0.0003827
5.095  -0.000328974  0  -0.000328974
5.105  -0.00030149  0  -0.00030149
5.115  -0.000283634  0  -0.000283634
5.125  -0.000271809  0  -0.000271809
5.135  -0.000261091  0  -0.000261091
5.145  -0.000212186  0  -0.000212186
5.155  -0.000222213  0  -0.000222213
5.165  -0.000176069  0  -0.000176069
5.175  -0.000128411  0  -0.000128411
5.185  -0.000136385  0  -0.000136385
5.195  -0.000144497  0  -0.000144497
5.205  -0.00012074  0  -0.00012074
5.215  -9.56907e-05  0  -9.56907e-05
5.225  -0.00010103  0  -0.00010103
5.235  -9.45429e-05  0  -9.45429e-05
5.245  -9.28418e-05  0  -9.28418e-05
5.255  -8.62962e-05  0  -8.62962e-05
5.265  -6.70108e-05  0  -6.70108e-05
5.275  -6.38667e-05  0  -6.38667e-05
5.285  -6.0912e-05  0  -6.0912e-05
5.295  -2.12389e-05  0  -2.12389e-05
5.305  -2.67903e-05  0  -2.67903e-05
5.315  -4.71786e-05  0  -4.71786e-05
5.325  -4.30628e-05  0  -4.30628e-05
5.335  -4.57753e-05  0  -4.57753e-05
5.345  -1.66414e-05  0  -1.66414e-05
5.355  -4.31254e-06  0  -4.31254e-06
5.365  0  0  0
5.375  0  0  0
5.385  0  0  0
5.395  0  0  0
5.405  0  0  0
5.415  0  0  0
5.425  0  0  0
5.435  0  0  0
5.445  0  0  0
5.455  0  0  0
5.465  0  0  0
5.475  0  0  0
5.485  0  0  0
5.495  0  0  0
5.505  0  0  0
5.515  0  0  0
5.525  0  0  0
5.535  0  0  0
5.545  0  0  0
5.555  0  0  0
5.565  0  0  0
5.575  0  0  0
5.585  0  0  0
5.595  0  0  0
5.605  0  0  0
5.615  0  0  0
5.625  0  0  0
5.635  0  0  0
5.645  0  0  0
5.655  0  0  0
5.665  0  0  0
5.675  0  0  0
5.685  0  0  0
5.695  0  0  0
5.705  0  0  0
5.715  0  0  0
5.725  0  0  0
5.735  0  0  0
5.745  0  0  0
5.755  0  0  0
5.765  0  0  0
5.775  0  0  0
5.785  0  0  0
5.795  0  0  0
5.805  0  0  0
5.815  0  0  0
5.825  0  0  0
5.835  0  0  0
5.845  0  0  0
5.855  0  0  0
5.865  0  0  0
5.875  0  0  0
5.885  0  0  0
5.895  0  0  0
5.905  0  0  0
5.915  0  0  0
5.925  0  0  0
5.935  0  0  0
5.945  0  0  0
5.955  0  0  0
5.965  0  0  0
5.975  0  0  0
5.985  0  0  0
5.995  0  0  0
6.005  0  0  0
6.015  0  0  0
6.025  0  0  0
6.035  0  0  0
6.045  0  0  0
6.055  0  0  0
6.065  0  0  0
6.075  0  0  0
6.085  0  0  0
6.095  0  0  0
6.105  0  0  0
6.115  0  0  0
6.125  0  0  0
6.135  0  0  0
6.145  0  0  0
6.155  0  0  0
6.165  0  0  0
6.175  0  0  0
6.185  0  0  0
6.195  0  0  0
6.205  0  0  0
6.215  0  0  0
6.225  0  0  0
6.235  0  0  0
6.245  0  0  0
6.255  0  0  0
6.265  0  0  0
6.275  0  0  0
6.285  0  0  0
6.295  0  0  0
6.305  0  0  0
6.315  0  0  0
6.325  0  0  0
6.335  0  0  0
6.345  0  0  0
6.355  0  0  0
6.365  0  0  0
6.375  0  0  0
6.385  0  0  0
6.395  0  0  0
6.405  0  0  0
6.415  0  0  0
6.425  0  0  0
6.435  0  0  0
6.445  0  0  0
6.455  0  0  0
6.465  0  0  0
6.475  0  0  0
6.485  0  0  0
6.495  0  0  0
6.505  0  0  0
6.515  0  0  0
6.525  0  0  0
6.535  0  0  0
6.545  0  0  0
6.555  0  0  0
6.565  0  0  0
6.575  0  0  0
6.585  0  0  0
6.595  0  0  0
6.605  0  0  0
6.615  0  0  0
6.625  0  0  0
6.635  0  0  0
6.645  0  0  0
6.655  0  0  0
6.665  0  0  0
6.675  0  0  0
6.685  0  0  0
6.695  0  0  0
6.705  0  0  0
6.715  0  0  0
6.725  0  0  0
6.735  0  0  0
6.745  0  0  0
6.755  0  0  0
6.765  0  0  0
6.775  0  0  0
6.785  0  0  0
6.795  0  0  0
6.805  0  0  0
6.815  0  0  0
6.825  0  0  0
6.835  0  0  0
6.845  0  0  0
6.855  0  0  0
6.865  0  0  0
6.875  0  0  0
6.885  0  0  0
6.895  0  0  0
6.905  0  0  0
6.915  0  0  0
6.925  0  0  0
6.935  0  0  0
6.945  0  0  0
6.955  0  0  0
6.965  0  0  0
6.975  0  0  0
6.985  0  0  0
6.995  0  0  0
7.005  0  0  0
7.015  0  0  0
7.025  0  0  0
7.035  0  0  0
7.045  0  0  0
7.055  0  0  0
7.065  0  0  0
7.075  0  0  0
7.085  0  0  0
7.095  0  0  0
7.105  0  0  0
7.115  0  0  0
7.125  0  0  0
7.135  0  0  0
7.145  0  0  0
7.155  0  0  0
7.165  0  0  0
7.175  0  0  0
7.185  0  0  0
7.195  0  0  0
7.205  0  0  0
7.215  0  0  0
7.225  0  0  0
7.235  0  0  0
7.245  0  0  0
7.255  0  0  0
7.265  0  0  0
7.275  0  0  0
7.285  0  0  0
7.295  0  0  0
7.305  0  0  0
7.315  0  0  0
7.325  0  0  0
7.335  0  0  0
7.345  0  0  0
7.355  0  0  0
7.365  0  0  0
7.375  0  0  0
7.385  0  0  0
7.395  0  0  0
7.405  0  0  0
7.415  0  0  0
7.425  0  0  0
7.435  0  0  0
7.445  0  0  0
7.455  0  0  0
7.465  0  0  0
7.475  0  0  0
7.485  0  0  0
7.495  0  0  0
7.505  0  0  0
7.515  0  0  0
7.525  0  0  0
7.535  0  0  0
7.545  0  0  0
7.555  0  0  0
7.565  0  0  0
7.575  0  0  0
7.585  0  0  0
7.595  0  0  0
7.605  0  0  0
7.615  0  0  0
7.625  0  0  0
7.635  0  0  0
7.645  0  0  0
7.655  0  0  0
7.665  0  0  0
7.675  0  0  0
7.685  0  0  0
7.695  0  0  0
7.705  0  0  0
7.715  0  0  0
7.725  0  0  0
7.735  0  0  0
7.745  0  0  0
7.755  0  0  0
7.765  0  0  0
7.775  0  0  0
7.785  0  0  0
7.795  0  0  0
7.805  0  0  0
7.815  0  0  0
7.825  0  0  0
7.835  0  0  0
7.845  0  0  0
7.855  0  0  0
7.865  0  0  0
7.875  0  0  0
7.885  0  0  0
7.895  0  0  0
7.905  0  0  0
7.915  0  0  0
7.925  0  0  0
7.935  0  0  0
7.945  0  0  0
7.955  0  0  0
7.965  0  0  0
7.975  0  0  0
7.985  0  0  0
7.995  0  0  0
8.005  0  0  0
8.015  0  0  0
8.025  0  0  0
8.035  0  0  0
8.045  0  0  0
8.055  0  0  0
8.065  0  0  0
8.075  0  0  0
8.085  0  0  0
8.095  0  0  0
8.105  0  0  0
8.115  0  0  0
8.125  0  0  0
8.135  0  0  0
8.145  0  0  0
8.155  0  0  0
8.165  0  0  0
8.175  0  0  0
8.185  0  0  0
8.195  0  0  0
8.205  0  0  0
8.215  0  0  0
8.225  0  0  0
8.235  0  0  0
8.245  0  0  0
8.255  0  0  0
8.265  0  0  0
8.275  0  0  0
8.285  0  0  0
8.295  0  0  0
8.305  0  0  0
8.315  0  0  0
8.325  0  0  0
8.335  0  0  0
8.345  0  0  0
8.355  0  0  0
8.365  0  0  0
8.375  0  0  0
8.385  0  0  0
8.395  0  0  0
8.405  0  0  0
8.415  0  0  0
8.425  0  0  0
8.435  0  0  0
8.445  0  0  0
8.455  0  0  0
8.465  0  0  0
8.475  0  0  0
8.485  0  0  0
8.495  0  0  0
8.505  0  0  0
8.515  0  0  0
8.525  0  0  0
8.535  0  0  0
8.545  0  0  0
8.555  0  0  0
8.565  0  0  0
8.575  0  0  0
8.585  0  0  0
8.595  0  0  0
8.605  0  0  0
8.615  0  0  0
8.625  0  0  0
8.635  0  0  0
8.645  0  0  0
8.655  0  0  0
8.665  0  0  0
8.675  0  0  0
8.685  0  0  0
8.695  0  0  0
8.705  0  0  0
8.715  0  0  0
8.725  0  0  0
8.735  0  0  0
8.745  0  0  0
8.755  0  0  0
8.765  0  0  0
8.775  0  0  0
8.785  0  0  0
8.795  0  0  0
8.805  0  0  0
8.815  0  0  0
8.825  0  0  0
8.835  0  0  0
8.845  0  0  0
8.855  0  0  0
8.865  0  0  0
8.875  0  0  0
8.885  0  0  0
8.895  0  0  0
8.905  0  0  0
8.915  0  0  0
8.925  0  0  0
8.935  0  0  0
8.945  0  0  0
8.955  0  0  0
8.965  0  0  0
8.975  0  0  0
8.985  0  0  0
8.995  0  0  0
9.005  0  0  0
9.015  0  0  0
9.025  0  0  0
9.035  0  0  0
9.045  0  0  0
9.055  0  0  0
9.065  0  0  0
9.075  0  0  0
9.085  0  0  0
9.095  0  0  0
9.105  0  0  0
9.115  0  0  0
9.125  0  0  0
9.135  0  0  0
9.145  0  0  0
9.155  0  0  0
9.165  0  0  0
9.175  0  0  0
9.185  0  0  0
9.195  0  0  0
9.205  0  0  0
9.215  0  0  0
9.225  0  0  0
9.235  0  0  0
9.245  0  0  0
9.255  0  0  0
9.265  0  0  0
9.275  0  0  0
9.285  0  0  0
9.295  0  0  0
9.305  0  0  0
9.315  0  0  0
9.325  0  0  0
9.335  0  0  0
9.345  0  0  0
9.355  0  0  0
9.365  0  0  0
9.375  0  0  0
9.385  0  0  0
9.395  0  0  0
9.405  0  0  0
9.415  0  0  0
9.425  0  0  0
9.435  0  0  0
9.445  0  0  0
9.455  0  0  0
9.465  0  0  0
9.475  0  0  0
9.485  0  0  0
9.495  0  0  0
9.505  0  0  0
9.515  0  0  0
9.525  0  0  0
9.535  0  0  0
9.545  0  0  0
9.555  0  0  0
9.565  0  0  0
9.575  0  0  0
9.585  0  0  0
9.595  0  0  0
9.605  0  0  0
9.615  0  0  0
9.625  0  0  0
9.635  0  0  0
9.645  0  0  0
9.655  0  0  0
9.665  0  0  0
9.675  0  0  0
9.685  0  0  0
9.695  0  0  0
9.705  0  0  0
9.715  0  0  0
9.725  0  0  0
9.735  0  0  0
9.745  0  0  0
9.755  0  0  0
9.765  0  0  0
9.775  0  0  0
9.785  0  0  0
9.795  0  0  0
9.805  0  0  0
9.815  0  0  0
9.825  0  0  0
9.835  0  0  0
9.845  0  0  0
9.855  0  0  0
9.865  0  0  0
9.875  0  0  0
9.885  0  0  0
9.895  0  0  0
9.905  0  0  0
9.915  0  0  0
9.925  0  0  0
9.935  0  0  0
9.945  0  0  0
9.955  0  0  0
9.965  0  0  0
9.975  0  0  0
9.985  0  0  0
9.995  0  0  0
