0.005  -0.712886  -0.486228  -0.226658
0.015  -0.719179  -0.487009  -0.23217
0.025  -0.718244  -0.488371  -0.229873
0.035  -0.720701  -0.491475  -0.229226
0.045  -0.723344  -0.497764  -0.225581
0.055  -0.727625  -0.503185  -0.22444
0.065  -0.729235  -0.506623  -0.222611
0.075  -0.726975  -0.505179  -0.221796
0.085  -0.72264  -0.502314  -0.220325
0.095  -0.717652  -0.498502  -0.219151
0.105  -0.717183  -0.500175  -0.217008
0.115  -0.718789  -0.503987  -0.214802
0.125  -0.716239  -0.503758  -0.212481
0.135  -0.717254  -0.506049  -0.211206
0.145  -0.712866  -0.503388  -0.209478
0.155  -0.714923  -0.505269  -0.209654
0.165  -0.714402  -0.506648  -0.207754
0.175  -0.714067  -0.508549  -0.205518
0.185  -0.714015  -0.509972  -0.204044
0.195  -0.711286  -0.510024  -0.201262
0.205  -0.709541  -0.510087  -0.199455
0.215  -0.706131  -0.507712  -0.198418
0.225  -0.698612  -0.501582  -0.19703
0.235  -0.689522  -0.494303  -0.19522
0.245  -0.681156  -0.487722  -0.193434
0.255  -0.668987  -0.477837  -0.19115
0.265  -0.66654  -0.476751  -0.189789
0.275  -0.664137  -0.475506  -0.188631
0.285  -0.657145  -0.469647  -0.187498
0.295  -0.654642  -0.468092  -0.18655
0.305  -0.652974  -0.468101  -0.184873
0.315  -0.648319  -0.464615  -0.183705
0.325  -0.641732  -0.459662  -0.18207
0.335  -0.639442  -0.458497  -0.180944
0.345  -0.634459  -0.455138  -0.17932
0.355  -0.634696  -0.45666  -0.178036
0.365  -0.634069  -0.458124  -0.175945
0.375  -0.633199  -0.458549  -0.17465
0.385  -0.632186  -0.458388  -0.173798
0.395  -0.628967  -0.456328  -0.172639
0.405  -0.626448  -0.454496  -0.171952
0.415  -0.627  -0.45721  -0.16979
0.425  -0.626395  -0.458394  -0.168001
0.435  -0.623834  -0.457437  -0.166398
0.445  -0.620263  -0.456358  -0.163906
0.455  -0.613053  -0.449721  -0.163331
0.465  -0.607949  -0.445337  -0.162613
0.475  -0.601512  -0.440039  -0.161473
0.485  -0.596423  -0.434997  -0.161426
0.495  -0.59211  -0.431794  -0.160316
0.505  -0.586775  -0.426967  -0.159809
0.515  -0.577824  -0.419317  -0.158508
0.525  -0.578577  -0.421133  -0.157444
0.535  -0.577606  -0.421539  -0.156067
0.545  -0.571593  -0.417582  -0.154011
0.555  -0.559061  -0.407187  -0.151874
0.565  -0.549389  -0.398813  -0.150576
0.575  -0.54253  -0.393374  -0.149156
0.585  -0.533068  -0.385019  -0.148049
0.595  -0.523682  -0.376263  -0.147419
0.605  -0.521248  -0.374724  -0.146524
0.615  -0.516534  -0.370975  -0.145559
0.625  -0.511804  -0.366893  -0.14491
0.635  -0.506932  -0.362798  -0.144134
0.645  -0.507596  -0.364154  -0.143441
0.655  -0.508473  -0.365459  -0.143013
0.665  -0.508679  -0.366773  -0.141906
0.675  -0.508313  -0.367581  -0.140732
0.685  -0.507141  -0.367718  -0.139423
0.695  -0.505643  -0.367448  -0.138194
0.705  -0.504284  -0.367255  -0.13703
0.715  -0.501782  -0.366224  -0.135558
0.725  -0.501101  -0.366801  -0.1343
0.735  -0.497434  -0.36421  -0.133224
0.745  -0.491053  -0.35862  -0.132432
0.755  -0.487413  -0.355881  -0.131532
0.765  -0.483622  -0.352796  -0.130826
0.775  -0.476185  -0.346795  -0.12939
0.785  -0.472185  -0.344176  -0.128009
0.795  -0.469094  -0.342028  -0.127066
0.805  -0.465165  -0.339017  -0.126148
0.815  -0.465334  -0.339738  -0.125596
0.825  -0.464068  -0.338975  -0.125092
0.835  -0.462589  -0.338502  -0.124088
0.845  -0.462947  -0.33972  -0.123227
0.855  -0.465157  -0.342695  -0.122462
0.865  -0.465772  -0.344975  -0.120797
0.875  -0.465312  -0.345346  -0.119967
0.885  -0.463961  -0.344516  -0.119445
0.895  -0.463842  -0.345336  -0.118505
0.905  -0.46181  -0.343851  -0.117958
0.915  -0.458683  -0.340744  -0.117938
0.925  -0.458889  -0.341432  -0.117457
0.935  -0.459012  -0.342175  -0.116837
0.945  -0.455705  -0.33989  -0.115814
0.955  -0.453376  -0.338609  -0.114767
0.965  -0.44921  -0.33579  -0.11342
0.975  -0.447676  -0.335286  -0.11239
0.985  -0.444611  -0.333275  -0.111335
0.995  -0.440872  -0.330778  -0.110094
1.005  -0.438002  -0.32849  -0.109512
1.015  -0.437503  -0.328825  -0.108678
1.025  -0.434535  -0.326399  -0.108137
1.035  -0.427554  -0.319376  -0.108177
1.045  -0.426126  -0.318974  -0.107152
1.055  -0.42404  -0.316919  -0.107121
1.065  -0.420412  -0.313623  -0.106789
1.075  -0.417255  -0.311257  -0.105999
1.085  -0.414942  -0.309566  -0.105376
1.095  -0.414189  -0.309501  -0.104688
1.105  -0.409013  -0.305358  -0.103655
1.115  -0.405963  -0.303174  -0.102789
1.125  -0.40742  -0.305403  -0.102018
1.135  -0.406317  -0.304589  -0.101728
1.145  -0.40476  -0.303938  -0.100822
1.155  -0.398022  -0.298301  -0.0997205
1.165  -0.396089  -0.297249  -0.0988404
1.175  -0.395889  -0.298157  -0.0977322
1.185  -0.392736  -0.295383  -0.0973531
1.195  -0.390302  -0.293145  -0.0971568
1.205  -0.387112  -0.290296  -0.0968161
1.215  -0.382128  -0.286131  -0.0959975
1.225  -0.376912  -0.281418  -0.0954941
1.235  -0.370329  -0.275386  -0.0949434
1.245  -0.366406  -0.272513  -0.0938935
1.255  -0.360726  -0.267587  -0.0931392
1.265  -0.354215  -0.261742  -0.0924726
1.275  -0.351174  -0.25924  -0.0919342
1.285  -0.35137  -0.259875  -0.0914953
1.295  -0.350675  -0.259546  -0.0911286
1.305  -0.346524  -0.255889  -0.0906352
1.315  -0.344095  -0.253876  -0.0902193
1.325  -0.33936  -0.249666  -0.0896943
1.335  -0.334736  -0.245709  -0.089027
1.345  -0.330891  -0.242319  -0.0885719
1.355  -0.330089  -0.242005  -0.088083
1.365  -0.32753  -0.239951  -0.087579
1.375  -0.324675  -0.237435  -0.0872401
1.385  -0.325136  -0.238225  -0.0869111
1.395  -0.322831  -0.236713  -0.0861183
1.405  -0.318867  -0.233401  -0.0854657
1.415  -0.316193  -0.231087  -0.0851063
1.425  -0.315914  -0.231774  -0.0841406
1.435  -0.312793  -0.229431  -0.0833621
1.445  -0.314244  -0.231321  -0.0829231
1.455  -0.31667  -0.23467  -0.0820001
1.465  -0.313864  -0.23245  -0.0814144
1.475  -0.309076  -0.228134  -0.0809424
1.485  -0.305733  -0.225035  -0.0806977
1.495  -0.304986  -0.2247  -0.0802855
1.505  -0.302166  -0.222443  -0.0797235
1.515  -0.300259  -0.220698  -0.0795608
1.525  -0.297474  -0.218179  -0.0792949
1.535  -0.295821  -0.217136  -0.0786846
1.545  -0.295526  -0.217114  -0.0784119
1.555  -0.293169  -0.215086  -0.0780825
1.565  -0.290864  -0.213222  -0.0776416
1.575  -0.288962  -0.211702  -0.0772596
1.585  -0.290025  -0.21299  -0.0770349
1.595  -0.290269  -0.213581  -0.0766884
1.605  -0.286186  -0.209855  -0.0763311
1.615  -0.282277  -0.206451  -0.0758263
1.625  -0.280805  -0.205534  -0.0752712
1.635  -0.27792  -0.20327  -0.0746505
1.645  -0.27742  -0.203559  -0.0738605
1.655  -0.276145  -0.202608  -0.0735377
1.665  -0.270241  -0.19683  -0.0734109
1.675  -0.268803  -0.19571  -0.0730933
1.685  -0.268447  -0.195569  -0.0728782
1.695  -0.264931  -0.192301  -0.0726301
1.705  -0.26196  -0.190111  -0.0718497
1.715  -0.259627  -0.188319  -0.071308
1.725  -0.257478  -0.186414  -0.071064
1.735  -0.253333  -0.182601  -0.070732
1.745  -0.250149  -0.179842  -0.0703065
1.755  -0.245834  -0.175751  -0.0700832
1.765  -0.243853  -0.174174  -0.0696793
1.775  -0.241133  -0.171925  -0.0692075
1.785  -0.236691  -0.167966  -0.0687257
1.795  -0.233092  -0.16495  -0.068142
1.805  -0.230532  -0.16313  -0.0674018
1.815  -0.228603  -0.161632  -0.0669711
1.825  -0.229045  -0.162417  -0.0666276
1.835  -0.226292  -0.160149  -0.0661437
1.845  -0.223489  -0.157711  -0.065778
1.855  -0.221662  -0.156146  -0.0655159
1.865  -0.220554  -0.15512  -0.0654348
1.875  -0.21731  -0.152147  -0.065163
1.885  -0.212202  -0.147396  -0.0648059
1.895  -0.20871  -0.144431  -0.0642793
1.905  -0.209539  -0.145621  -0.063918
1.915  -0.208001  -0.144526  -0.0634756
1.925  -0.204989  -0.141967  -0.0630219
1.935  -0.202139  -0.13899  -0.0631494
1.945  -0.203011  -0.140053  -0.0629571
1.955  -0.202722  -0.140014  -0.0627083
1.965  -0.199214  -0.136858  -0.0623556
1.975  -0.196742  -0.134661  -0.0620803
1.985  -0.193443  -0.131575  -0.0618675
1.995  -0.190986  -0.129477  -0.0615081
2.005  -0.187196  -0.126398  -0.0607986
2.015  -0.181894  -0.121493  -0.0604014
2.025  -0.177148  -0.116903  -0.0602446
2.035  -0.172951  -0.113284  -0.0596668
2.045  -0.169164  -0.109927  -0.0592374
2.055  -0.163344  -0.104545  -0.0587985
2.065  -0.158421  -0.100008  -0.0584125
2.075  -0.152646  -0.0946476  -0.0579987
2.085  -0.145771  -0.0880606  -0.0577108
2.095  -0.137104  -0.0795996  -0.0575043
2.105  -0.130775  -0.0732602  -0.0575144
2.115  -0.125924  -0.0684926  -0.0574312
2.125  -0.118249  -0.0609759  -0.0572735
2.135  -0.112323  -0.0551499  -0.0571735
2.145  -0.106029  -0.0490153  -0.0570137
2.155  -0.0987284  -0.0421747  -0.0565538
2.165  -0.092074  -0.0356948  -0.0563792
2.175  -0.0882991  -0.0324388  -0.0558602
2.185  -0.0826432  -0.0274499  -0.0551933
2.195  -0.0765186  -0.0218392  -0.0546795
2.205  -0.0728355  -0.0183617  -0.0544738
2.215  -0.070309  -0.0162762  -0.0540328
2.225  -0.0687249  -0.0148754  -0.0538495
2.235  -0.067451  -0.0137374  -0.0537136
2.245  -0.0645378  -0.011111  -0.0534268
2.255  -0.0606068  -0.00760084  -0.0530059
2.265  -0.0583997  -0.00565544  -0.0527442
2.275  -0.0563821  -0.00407676  -0.0523054
2.285  -0.0554699  -0.00335159  -0.0521183
2.295  -0.0550545  -0.00322998  -0.0518245
2.305  -0.0538925  -0.00215256  -0.05174
2.315  -0.0528872  -0.00146038  -0.0514269
2.325  -0.0518065  -0.000893414  -0.0509131
2.335  -0.0513219  -0.00084508  -0.0504768
2.345  -0.0506055  -0.000429026  -0.0501765
2.355  -0.0501863  -0.000335224  -0.0498511
2.365  -0.0498966  -0.000370316  -0.0495263
2.375  -0.0496383  -0.000392179  -0.0492461
2.385  -0.0495451  -0.000457464  -0.0490876
2.395  -0.0490923  -0.000301743  -0.0487905
2.405  -0.0483682  -0.000150075  -0.0482182
2.415  -0.0479964  -0.000117044  -0.0478793
2.425  -0.0476543  0  -0.0476543
2.435  -0.0474402  0  -0.0474402
2.445  -0.047362  0  -0.047362
2.455  -0.0470936  0  -0.0470936
2.465  -0.0467748  0  -0.0467748
2.475  -0.0464091  0  -0.0464091
2.485  -0.0462395  0  -0.0462395
2.495  -0.0460612  0  -0.0460612
2.505  -0.0458809  0  -0.0458809
2.515  -0.0456432  0  -0.0456432
2.525  -0.0454605  0  -0.0454605
2.535  -0.0452126  0  -0.0452126
2.545  -0.0449678  0  -0.0449678
2.555  -0.0446045  0  -0.0446045
2.565  -0.0442853  0  -0.0442853
2.575  -0.0438104  0  -0.0438104
2.585  -0.0437813  0  -0.0437813
2.595  -0.0436463  0  -0.0436463
2.605  -0.0435975  0  -0.0435975
2.615  -0.043235  0  -0.043235
2.625  -0.0430901  0  -0.0430901
2.635  -0.0428791  0  -0.0428791
2.645  -0.0426732  0  -0.0426732
2.655  -0.0423919  0  -0.0423919
2.665  -0.0421731  0  -0.0421731
2.675  -0.041991  0  -0.041991
2.685  -0.041798  0  -0.041798
2.695  -0.0412964  0  -0.0412964
2.705  -0.0411144  0  -0.0411144
2.715  -0.0410654  0  -0.0410654
2.725  -0.0406969  0  -0.0406969
2.735  -0.0402744  0  -0.0402744
2.745  -0.040111  0  -0.040111
2.755  -0.0399147  0  -0.0399147
2.765  -0.0397151  0  -0.0397151
2.775  -0.0394533  0  -0.0394533
2.785  -0.0391851  0  -0.0391851
2.795  -0.0391634  0  -0.0391634
2.805  -0.0389556  0  -0.0389556
2.815  -0.0388162  0  -0.0388162
2.825  -0.0384842  0  -0.0384842
2.835  -0.0382539  0  -0.0382539
2.845  -0.0380485  0  -0.0380485
2.855  -0.0376038  0  -0.0376038
2.865  -0.0372063  0  -0.0372063
2.875  -0.0371598  0  -0.0371598
2.885  -0.0369431  0  -0.0369431
2.895  -0.0366859  0  -0.0366859
2.905  -0.0365267  0  -0.0365267
2.915  -0.0364081  0  -0.0364081
2.925  -0.0364288  0  -0.0364288
2.935  -0.0359256  0  -0.0359256
2.945  -0.0356722  0  -0.0356722
2.955  -0.035443  0  -0.035443
2.965  -0.0352697  0  -0.0352697
2.975  -0.0349242  0  -0.0349242
2.985  -0.0346508  0  -0.0346508
2.995  -0.0343913  0  -0.0343913
3.005  -0.0343479  0  -0.0343479
3.015  -0.0343847  0  -0.0343847
3.025  -0.034258  0  -0.034258
3.035  -0.0341543  0  -0.0341543
3.045  -0.0340787  0  -0.0340787
3.055  -0.0340557  0  -0.0340557
3.065  -0.0339114  0  -0.0339114
3.075  -0.0336458  0  -0.0336458
3.085  -0.0335968  0  -0.0335968
3.095  -0.0333047  0  -0.0333047
3.105  -0.0331195  0  -0.0331195
3.115  -0.032808  0  -0.032808
3.125  -0.0326245  0  -0.0326245
3.135  -0.032236  0  -0.032236
3.145  -0.0318664  0  -0.0318664
3.155  -0.0317053  0  -0.0317053
3.165  -0.031561  0  -0.031561
3.175  -0.0315928  0  -0.0315928
3.185  -0.0313683  0  -0.0313683
3.195  -0.0312996  0  -0.0312996
3.205  -0.0309154  0  -0.0309154
3.215  -0.0306403  0  -0.0306403
3.225  -0.0304165  0  -0.0304165
3.235  -0.0302169  0  -0.0302169
3.245  -0.0299741  0  -0.0299741
3.255  -0.029777  0  -0.029777
3.265  -0.029746  0  -0.029746
3.275  -0.0299128  0  -0.0299128
3.285  -0.0297213  0  -0.0297213
3.295  -0.0295231  0  -0.0295231
3.305  -0.0293554  0  -0.0293554
3.315  -0.0291035  0  -0.0291035
3.325  -0.0287296  0  -0.0287296
3.335  -0.0283961  0  -0.0283961
3.345  -0.0281591  0  -0.0281591
3.355  -0.0278243  0  -0.0278243
3.365  -0.0278008  0  -0.0278008
3.375  -0.0276264  0  -0.0276264
3.385  -0.0272753  0  -0.0272753
3.395  -0.0272754  0  -0.0272754
3.405  -0.0271276  0  -0.0271276
3.415  -0.0271409  0  -0.0271409
3.425  -0.027062  0  -0.027062
3.435  -0.0269452  0  -0.0269452
3.445  -0.0268158  0  -0.0268158
3.455  -0.0266407  0  -0.0266407
3.465  -0.0264133  0  -0.0264133
3.475  -0.0264056  0  -0.0264056
3.485  -0.0260628  0  -0.0260628
3.495  -0.0259872  0  -0.0259872
3.505  -0.025722  0  -0.025722
3.515  -0.0254934  0  -0.0254934
3.525  -0.0251247  0  -0.0251247
3.535  -0.0248812  0  -0.0248812
3.545  -0.0247236  0  -0.0247236
3.555  -0.0245688  0  -0.0245688
3.565  -0.0244721  0  -0.0244721
3.575  -0.0243927  0  -0.0243927
3.585  -0.0243016  0  -0.0243016
3.595  -0.0242285  0  -0.0242285
3.605  -0.0241275  0  -0.0241275
3.615  -0.0239263  0  -0.0239263
3.625  -0.0236744  0  -0.0236744
3.635  -0.0235667  0  -0.0235667
3.645  -0.0232659  0  -0.0232659
3.655  -0.0231015  0  -0.0231015
3.665  -0.0229267  0  -0.0229267
3.675  -0.0224467  0  -0.0224467
3.685  -0.0222304  0  -0.0222304
3.695  -0.0221295  0  -0.0221295
3.705  -0.0218991  0  -0.0218991
3.715  -0.0217207  0  -0.0217207
3.725  -0.0214394  0  -0.0214394
3.735  -0.0213686  0  -0.0213686
3.745  -0.0213276  0  -0.0213276
3.755  -0.0210821  0  -0.0210821
3.765  -0.0208445  0  -0.0208445
3.775  -0.0206636  0  -0.0206636
3.785  -0.020246  0  -0.020246
3.795  -0.0201335  0  -0.0201335
3.805  -0.0199801  0  -0.0199801
3.815  -0.019678  0  -0.019678
3.825  -0.0193361  0  -0.0193361
3.835  -0.0191471  0  -0.0191471
3.845  -0.0190639  0  -0.0190639
3.855  -0.0188628  0  -0.0188628
3.865  -0.0185706  0  -0.0185706
3.875  -0.0182124  0  -0.0182124
3.885  -0.0180287  0  -0.0180287
3.895  -0.0179017  0  -0.0179017
3.905  -0.0178736  0  -0.0178736
3.915  -0.0176372  0  -0.0176372
3.925  -0.0174284  0  -0.0174284
3.935  -0.0171859  0  -0.0171859
3.945  -0.0170577  0  -0.0170577
3.955  -0.0168872  0  -0.0168872
3.965  -0.0166217  0  -0.0166217
3.975  -0.0164386  0  -0.0164386
3.985  -0.0163337  0  -0.0163337
3.995  -0.0161604  0  -0.0161604
4.005  -0.0160226  0  -0.0160226
4.015  -0.0157492  0  -0.0157492
4.025  -0.0155752  0  -0.0155752
4.035  -0.0154267  0  -0.0154267
4.045  -0.0153232  0  -0.0153232
4.055  -0.0150538  0  -0.0150538
4.065  -0.0149741  0  -0.0149741
4.075  -0.0147738  0  -0.0147738
4.085  -0.0144882  0  -0.0144882
4.095  -0.014212  0  -0.014212
4.105  -0.014042  0  -0.014042
4.115  -0.0137928  0  -0.0137928
4.125  -0.0136139  0  -0.0136139
4.135  -0.0133497  0  -0.0133497
4.145  -0.0131358  0  -0.0131358
4.155  -0.0130351  0  -0.0130351
4.165  -0.0129411  0  -0.0129411
4.175  -0.0128083  0  -0.0128083
4.185  -0.0126546  0  -0.0126546
4.195  -0.0123815  0  -0.0123815
4.205  -0.0121435  0  -0.0121435
4.215  -0.0120321  0  -0.0120321
4.225  -0.011763  0  -0.011763
4.235  -0.0115584  0  -0.0115584
4.245  -0.011325  0  -0.011325
4.255  -0.011207  0  -0.011207
4.265  -0.0110925  0  -0.0110925
4.275  -0.0109103  0  -0.0109103
4.285  -0.0106505  0  -0.0106505
4.295  -0.0105159  0  -0.0105159
4.305  -0.0104614  0  -0.0104614
4.315  -0.0103872  0  -0.0103872
4.325  -0.00998277  0  -0.00998277
4.335  -0.00969046  0  -0.00969046
4.345  -0.00965278  0  -0.00965278
4.355  -0.00954246  0  -0.00954246
4.365  -0.00933064  0  -0.00933064
4.375  -0.00914915  0  -0.00914915
4.385  -0.00896899  0  -0.00896899
4.395  -0.00891431  0  -0.00891431
4.405  -0.00870515  0  -0.00870515
4.415  -0.0085533  0  -0.0085533
4.425  -0.00832565  0  -0.00832565
4.435  -0.00817419  0  -0.00817419
4.445  -0.00800391  0  -0.00800391
4.455  -0.00791202  0  -0.00791202
4.465  -0.00785126  0  -0.00785126
4.475  -0.00766563  0  -0.00766563
4.485  -0.00744266  0  -0.00744266
4.495  -0.00725579  0  -0.00725579
4.505  -0.00707547  0  -0.00707547
4.515  -0.00705194  0  -0.00705194
4.525  -0.00696927  0  -0.00696927
4.535  -0.00677396  0  -0.00677396
4.545  -0.00669132  0  -0.00669132
4.555  -0.00647622  0  -0.00647622
4.565  -0.00632341  0  -0.00632341
4.575  -0.00623637  0  -0.00623637
4.585  -0.0059864  0  -0.0059864
4.595  -0.00575352  0  -0.00575352
4.605  -0.0056685  0  -0.0056685
4.615  -0.00548927  0  -0.00548927
4.625  -0.00535209  0  -0.00535209
4.635  -0.00501097  0  -0.00501097
4.645  -0.00485511  0  -0.00485511
4.655  -0.00472844  0  -0.00472844
4.665  -0.00456855  0  -0.00456855
4.675  -0.00439118  0  -0.00439118
4.685  -0.00435815  0  -0.00435815
4.695  -0.00423023  0  -0.00423023
4.705  -0.00419665  0  -0.00419665
4.715  -0.00402823  0  -0.00402823
4.725  -0.00392656  0  -0.00392656
4.735  -0.00387065  0  -0.00387065
4.745  -0.00361938  0  -0.00361938
4.755  -0.00341467  0  -0.00341467
4.765  -0.00325322  0  -0.00325322
4.775  -0.00311211  0  -0.00311211
4.785  -0.00302879  0  -0.00302879
4.795  -0.00290445  0  -0.00290445
4.805  -0.00278131  0  -0.00278131
4.815  -0.0026504  0  -0.0026504
4.825  -0.0024863  0  -0.0024863
4.835  -0.00241817  0  -0.00241817
4.845  -0.00235878  0  -0.00235878
4.855  -0.00225342  0  -0.00225342
4.865  -0.00210979  0  -0.00210979
4.875  -0.0020464  0  -0.0020464
4.885  -0.00196136  0  -0.00196136
4.895  -0.00185306  0  -0.00185306
4.905  -0.00180494  0  -0.00180494
4.915  -0.00168492  0  -0.00168492
4.925  -0.00157458  0  -0.00157458
4.935  -0.00144988  0  -0.00144988
4.945  -0.00128453  0  -0.00128453
4.955  -0.00129988  0  -0.00129988
4.965  -0.00122236  0  -0.00122236
4.975  -0.00107753  0  -0.00107753
4.985  -0.000934055  0  -0.000934055
4.995  -0.000884879  0  -0.000884879
5.005  -0.000842138  0  -0.000842138
5.015  -0.000828325  0  -0.000828325
5.025  -0.000789417  0  -0.000789417
5.035  -0.000673029  0  -0.000673029
5.045  -0.000645935  0  -0.000645935
5.055  -0.000600977  0  -0.000600977
5.065  -0.000575426  0  -0.000575426
5.075  -0.000585804  0  -0.000585804
5.085  -0.000522685  0  -0.000522685
5.095  -0.000462093  0  -0.000462093
5.105  -0.000443705  0  -0.000443705
5.115  -0.00037622  0  -0.00037622
5.125  -0.000371081  0  -0.000371081
5.135  -0.000373988  0  -0.000373988
5.145  -0.000328944  0  -0.000328944
5.155  -0.000284957  0  -0.000284957
5.165  -0.000279323  0  -0.000279323
5.175  -0.0002075  0  -0.0002075
5.185  -0.000188159  0  -0.000188159
5.195  -0.000183667  0  -0.000183667
5.205  -0.000153355  0  -0.000153355
5.215  -0.000132237  0  -0.000132237
5.225  -0.000133407  0  -0.000133407
5.235  -0.000118833  0  -0.000118833
5.245  -9.98664e-05  0  -9.98664e-05
5.255  -0.000100503  0  -0.000100503
5.265  -8.45633e-05  0  -8.45633e-05
5.275  -6.8815e-05  0  -6.8815e-05
5.285  -6.87041e-05  0  -6.87041e-05
5.295  -6.25838e-05  0  -6.25838e-05
5.305  -4.2016e-05  0  -4.2016e-05
5.315  -2.61461e-05  0  -2.61461e-05
5.325  -4.6944e-06  0  -4.6944e-06
5.335  -1.01804e-05  0  -1.01804e-05
5.345  -6.74114e-06  0  -6.74114e-06
5.355  -3.35439e-06  0  -3.35439e-06
5.365  -2.77652e-06  0  -2.77652e-06
5.375  -2.02377e-06  0  -2.02377e-06
5.385  -2.02377e-06  0  -2.02377e-06
5.395  -2.02377e-06  0  -2.02377e-06
5.405  -2.02344e-06  0  -2.02344e-06
5.415  -2.02334e-06  0  -2.02334e-06
5.425  -2.02334e-06  0  -2.02334e-06
5.435  -3.56393e-06  0  -3.56393e-06
5.445  -1.52244e-05  0  -1.52244e-05
5.455  -1.52238e-05  0  -1.52238e-05
5.465  -1.52228e-05  0  -1.52228e-05
5.475  -4.58993e-06  0  -4.58993e-06
5.485  0  0  0
5.495  0  0  0
5.505  0  0  0
5.515  0  0  0
5.525  0  0  0
5.535  0  0  0
5.545  0  0  0
5.555  0  0  0
5.565  0  0  0
5.575  0  0  0
5.585  0  0  0
5.595  0  0  0
5.605  0  0  0
5.615  0  0  0
5.625  0  0  0
5.635  0  0  0
5.645  0  0  0
5.655  0  0  0
5.665  0  0  0
5.675  0  0  0
5.685  0  0  0
5.695  0  0  0
5.705  0  0  0
5.715  0  0  0
5.725  0  0  0
5.735  0  0  0
5.745  0  0  0
5.755  0  0  0
5.765  0  0  0
5.775  0  0  0
5.785  0  0  0
5.795  0  0  0
5.805  0  0  0
5.815  0  0  0
5.825  0  0  0
5.835  0  0  0
5.845  0  0  0
5.855  0  0  0
5.865  0  0  0
5.875  0  0  0
5.885  0  0  0
5.895  0  0  0
5.905  0  0  0
5.915  0  0  0
5.925  0  0  0
5.935  0  0  0
5.945  0  0  0
5.955  0  0  0
5.965  0  0  0
5.975  0  0  0
5.985  0  0  0
5.995  0  0  0
6.005  0  0  0
6.015  0  0  0
6.025  0  0  0
6.035  0  0  0
6.045  0  0  0
6.055  0  0  0
6.065  0  0  0
6.075  0  0  0
6.085  0  0  0
6.095  0  0  0
6.105  0  0  0
6.115  0  0  0
6.125  0  0  0
6.135  0  0  0
6.145  0  0  0
6.155  0  0  0
6.165  0  0  0
6.175  0  0  0
6.185  0  0  0
6.195  0  0  0
6.205  0  0  0
6.215  0  0  0
6.225  0  0  0
6.235  0  0  0
6.245  0  0  0
6.255  0  0  0
6.265  0  0  0
6.275  0  0  0
6.285  0  0  0
6.295  0  0  0
6.305  0  0  0
6.315  0  0  0
6.325  0  0  0
6.335  0  0  0
6.345  0  0  0
6.355  0  0  0
6.365  0  0  0
6.375  0  0  0
6.385  0  0  0
6.395  0  0  0
6.405  0  0  0
6.415  0  0  0
6.425  0  0  0
6.435  0  0  0
6.445  0  0  0
6.455  0  0  0
6.465  0  0  0
6.475  0  0  0
6.485  0  0  0
6.495  0  0  0
6.505  0  0  0
6.515  0  0  0
6.525  0  0  0
6.535  0  0  0
6.545  0  0  0
6.555  0  0  0
6.565  0  0  0
6.575  0  0  0
6.585  0  0  0
6.595  0  0  0
6.605  0  0  0
6.615  0  0  0
6.625  0  0  0
6.635  0  0  0
6.645  0  0  0
6.655  0  0  0
6.665  0  0  0
6.675  0  0  0
6.685  0  0  0
6.695  0  0  0
6.705  0  0  0
6.715  0  0  0
6.725  0  0  0
6.735  0  0  0
6.745  0  0  0
6.755  0  0  0
6.765  0  0  0
6.775  0  0  0
6.785  0  0  0
6.795  0  0  0
6.805  0  0  0
6.815  0  0  0
6.825  0  0  0
6.835  0  0  0
6.845  0  0  0
6.855  0  0  0
6.865  0  0  0
6.875  0  0  0
6.885  0  0  0
6.895  0  0  0
6.905  0  0  0
6.915  0  0  0
6.925  0  0  0
6.935  0  0  0
6.945  0  0  0
6.955  0  0  0
6.965  0  0  0
6.975  0  0  0
6.985  0  0  0
6.995  0  0  0
7.005  0  0  0
7.015  0  0  0
7.025  0  0  0
7.035  0  0  0
7.045  0  0  0
7.055  0  0  0
7.065  0  0  0
7.075  0  0  0
7.085  0  0  0
7.095  0  0  0
7.105  0  0  0
7.115  0  0  0
7.125  0  0  0
7.135  0  0  0
7.145  0  0  0
7.155  0  0  0
7.165  0  0  0
7.175  0  0  0
7.185  0  0  0
7.195  0  0  0
7.205  0  0  0
7.215  0  0  0
7.225  0  0  0
7.235  0  0  0
7.245  0  0  0
7.255  0  0  0
7.265  0  0  0
7.275  0  0  0
7.285  0  0  0
7.295  0  0  0
7.305  0  0  0
7.315  0  0  0
7.325  0  0  0
7.335  0  0  0
7.345  0  0  0
7.355  0  0  0
7.365  0  0  0
7.375  0  0  0
7.385  0  0  0
7.395  0  0  0
7.405  0  0  0
7.415  0  0  0
7.425  0  0  0
7.435  0  0  0
7.445  0  0  0
7.455  0  0  0
7.465  0  0  0
7.475  0  0  0
7.485  0  0  0
7.495  0  0  0
7.505  0  0  0
7.515  0  0  0
7.525  0  0  0
7.535  0  0  0
7.545  0  0  0
7.555  0  0  0
7.565  0  0  0
7.575  0  0  0
7.585  0  0  0
7.595  0  0  0
7.605  0  0  0
7.615  0  0  0
7.625  0  0  0
7.635  0  0  0
7.645  0  0  0
7.655  0  0  0
7.665  0  0  0
7.675  0  0  0
7.685  0  0  0
7.695  0  0  0
7.705  0  0  0
7.715  0  0  0
7.725  0  0  0
7.735  0  0  0
7.745  0  0  0
7.755  0  0  0
7.765  0  0  0
7.775  0  0  0
7.785  0  0  0
7.795  0  0  0
7.805  0  0  0
7.815  0  0  0
7.825  0  0  0
7.835  0  0  0
7.845  0  0  0
7.855  0  0  0
7.865  0  0  0
7.875  0  0  0
7.885  0  0  0
7.895  0  0  0
7.905  0  0  0
7.915  0  0  0
7.925  0  0  0
7.935  0  0  0
7.945  0  0  0
7.955  0  0  0
7.965  0  0  0
7.975  0  0  0
7.985  0  0  0
7.995  0  0  0
8.005  0  0  0
8.015  0  0  0
8.025  0  0  0
8.035  0  0  0
8.045  0  0  0
8.055  0  0  0
8.065  0  0  0
8.075  0  0  0
8.085  0  0  0
8.095  0  0  0
8.105  0  0  0
8.115  0  0  0
8.125  0  0  0
8.135  0  0  0
8.145  0  0  0
8.155  0  0  0
8.165  0  0  0
8.175  0  0  0
8.185  0  0  0
8.195  0  0  0
8.205  0  0  0
8.215  0  0  0
8.225  0  0  0
8.235  0  0  0
8.245  0  0  0
8.255  0  0  0
8.265  0  0  0
8.275  0  0  0
8.285  0  0  0
8.295  0  0  0
8.305  0  0  0
8.315  0  0  0
8.325  0  0  0
8.335  0  0  0
8.345  0  0  0
8.355  0  0  0
8.365  0  0  0
8.375  0  0  0
8.385  0  0  0
8.395  0  0  0
8.405  0  0  0
8.415  0  0  0
8.425  0  0  0
8.435  0  0  0
8.445  0  0  0
8.455  0  0  0
8.465  0  0  0
8.475  0  0  0
8.485  0  0  0
8.495  0  0  0
8.505  0  0  0
8.515  0  0  0
8.525  0  0  0
8.535  0  0  0
8.545  0  0  0
8.555  0  0  0
8.565  0  0  0
8.575  0  0  0
8.585  0  0  0
8.595  0  0  0
8.605  0  0  0
8.615  0  0  0
8.625  0  0  0
8.635  0  0  0
8.645  0  0  0
8.655  0  0  0
8.665  0  0  0
8.675  0  0  0
8.685  0  0  0
8.695  0  0  0
8.705  0  0  0
8.715  0  0  0
8.725  0  0  0
8.735  0  0  0
8.745  0  0  0
8.755  0  0  0
8.765  0  0  0
8.775  0  0  0
8.785  0  0  0
8.795  0  0  0
8.805  0  0  0
8.815  0  0  0
8.825  0  0  0
8.835  0  0  0
8.845  0  0  0
8.855  0  0  0
8.865  0  0  0
8.875  0  0  0
8.885  0  0  0
8.895  0  0  0
8.905  0  0  0
8.915  0  0  0
8.925  0  0  0
8.935  0  0  0
8.945  0  0  0
8.955  0  0  0
8.965  0  0  0
8.975  0  0  0
8.985  0  0  0
8.995  0  0  0
9.005  0  0  0
9.015  0  0  0
9.025  0  0  0
9.035  0  0  0
9.045  0  0  0
9.055  0  0  0
9.065  0  0  0
9.075  0  0  0
9.085  0  0  0
9.095  0  0  0
9.105  0  0  0
9.115  0  0  0
9.125  0  0  0
9.135  0  0  0
9.145  0  0  0
9.155  0  0  0
9.165  0  0  0
9.175  0  0  0
9.185  0  0  0
9.195  0  0  0
9.205  0  0  0
9.215  0  0  0
9.225  0  0  0
9.235  0  0  0
9.245  0  0  0
9.255  0  0  0
9.265  0  0  0
9.275  0  0  0
9.285  0  0  0
9.295  0  0  0
9.305  0  0  0
9.315  0  0  0
9.325  0  0  0
9.335  0  0  0
9.345  0  0  0
9.355  0  0  0
9.365  0  0  0
9.375  0  0  0
9.385  0  0  0
9.395  0  0  0
9.405  0  0  0
9.415  0  0  0
9.425  0  0  0
9.435  0  0  0
9.445  0  0  0
9.455  0  0  0
9.465  0  0  0
9.475  0  0  0
9.485  0  0  0
9.495  0  0  0
9.505  0  0  0
9.515  0  0  0
9.525  0  0  0
9.535  0  0  0
9.545  0  0  0
9.555  0  0  0
9.565  0  0  0
9.575  0  0  0
9.585  0  0  0
9.595  0  0  0
9.605  0  0  0
9.615  0  0  0
9.625  0  0  0
9.635  0  0  0
9.645  0  0  0
9.655  0  0  0
9.665  0  0  0
9.675  0  0  0
9.685  0  0  0
9.695  0  0  0
9.705  0  0  0
9.715  0  0  0
9.725  0  0  0
9.735  0  0  0
9.745  0  0  0
9.755  0  0  0
9.765  0  0  0
9.775  0  0  0
9.785  0  0  0
9.795  0  0  0
9.805  0  0  0
9.815  0  0  0
9.825  0  0  0
9.835  0  0  0
9.845  0  0  0
9.855  0  0  0
9.865  0  0  0
9.875  0  0  0
9.885  0  0  0
9.895  0  0  0
9.905  0  0  0
9.915  0  0  0
9.925  0  0  0
9.935  0  0  0
9.945  0  0  0
9.955  0  0  0
9.965  0  0  0
9.975  0  0  0
9.985  0  0  0
9.995  0  0  0
