0.005  -0.764489  -0.525598  -0.238891
0.015  -0.782383  -0.537618  -0.244765
0.025  -0.776496  -0.534236  -0.24226
0.035  -0.773679  -0.532367  -0.241313
0.045  -0.762736  -0.52612  -0.236615
0.055  -0.749377  -0.513769  -0.235608
0.065  -0.727731  -0.494078  -0.233653
0.075  -0.700339  -0.468087  -0.232252
0.085  -0.683089  -0.452592  -0.230497
0.095  -0.682422  -0.453613  -0.228809
0.105  -0.682992  -0.456306  -0.226685
0.115  -0.685251  -0.460357  -0.224894
0.125  -0.684871  -0.462136  -0.222735
0.135  -0.682028  -0.46117  -0.220859
0.145  -0.674531  -0.45554  -0.218992
0.155  -0.665743  -0.449427  -0.216315
0.165  -0.653119  -0.438709  -0.214411
0.175  -0.649078  -0.437761  -0.211317
0.185  -0.652697  -0.443029  -0.209667
0.195  -0.648759  -0.443678  -0.20508
0.205  -0.65055  -0.446836  -0.203714
0.215  -0.65054  -0.448813  -0.201727
0.225  -0.652516  -0.451865  -0.200651
0.235  -0.651913  -0.451853  -0.20006
0.245  -0.648162  -0.449673  -0.198489
0.255  -0.641669  -0.445579  -0.19609
0.265  -0.64135  -0.447418  -0.193932
0.275  -0.636365  -0.444175  -0.19219
0.285  -0.635158  -0.445143  -0.190016
0.295  -0.636249  -0.447891  -0.188358
0.305  -0.640697  -0.454533  -0.186165
0.315  -0.643314  -0.458922  -0.184392
0.325  -0.644076  -0.460826  -0.18325
0.335  -0.644758  -0.462461  -0.182297
0.345  -0.6421  -0.460803  -0.181297
0.355  -0.637944  -0.45779  -0.180155
0.365  -0.638047  -0.459692  -0.178355
0.375  -0.636675  -0.459863  -0.176812
0.385  -0.632321  -0.45845  -0.173871
0.395  -0.632474  -0.460371  -0.172104
0.405  -0.628807  -0.458646  -0.17016
0.415  -0.629469  -0.460413  -0.169056
0.425  -0.62947  -0.461815  -0.167656
0.435  -0.623869  -0.457094  -0.166774
0.445  -0.621523  -0.455759  -0.165764
0.455  -0.623294  -0.458497  -0.164796
0.465  -0.620523  -0.457701  -0.162821
0.475  -0.612413  -0.450422  -0.161992
0.485  -0.604619  -0.444178  -0.160441
0.495  -0.598311  -0.438959  -0.159351
0.505  -0.590038  -0.432265  -0.157772
0.515  -0.578986  -0.422485  -0.156501
0.525  -0.567455  -0.41258  -0.154875
0.535  -0.558112  -0.404752  -0.15336
0.545  -0.549913  -0.399052  -0.150861
0.555  -0.546445  -0.396295  -0.15015
0.565  -0.540617  -0.392085  -0.148532
0.575  -0.536487  -0.389126  -0.147361
0.585  -0.53605  -0.389043  -0.147007
0.595  -0.540983  -0.394711  -0.146272
0.605  -0.541431  -0.396258  -0.145174
0.615  -0.535411  -0.391461  -0.14395
0.625  -0.534588  -0.392241  -0.142347
0.635  -0.536896  -0.395942  -0.140954
0.645  -0.535636  -0.396106  -0.139529
0.655  -0.531447  -0.392892  -0.138554
0.665  -0.52786  -0.389578  -0.138282
0.675  -0.528235  -0.390113  -0.138122
0.685  -0.53243  -0.395423  -0.137007
0.695  -0.536344  -0.400165  -0.136179
0.705  -0.540979  -0.406096  -0.134883
0.715  -0.540692  -0.40728  -0.133412
0.725  -0.538118  -0.405661  -0.132457
0.735  -0.536323  -0.404783  -0.131541
0.745  -0.536873  -0.406831  -0.130042
0.755  -0.535533  -0.406285  -0.129248
0.765  -0.532287  -0.403896  -0.128392
0.775  -0.528148  -0.400615  -0.127534
0.785  -0.523824  -0.397328  -0.126496
0.795  -0.522317  -0.396544  -0.125773
0.805  -0.519337  -0.394333  -0.125004
0.815  -0.514119  -0.389859  -0.12426
0.825  -0.513669  -0.39123  -0.122438
0.835  -0.511619  -0.390191  -0.121428
0.845  -0.504246  -0.384271  -0.119975
0.855  -0.50172  -0.382366  -0.119354
0.865  -0.497319  -0.378541  -0.118777
0.875  -0.491358  -0.373457  -0.117901
0.885  -0.487782  -0.370998  -0.116784
0.895  -0.483726  -0.367898  -0.115828
0.905  -0.481898  -0.3671  -0.114798
0.915  -0.479872  -0.365616  -0.114256
0.925  -0.473297  -0.360019  -0.113278
0.935  -0.467296  -0.354745  -0.112551
0.945  -0.458195  -0.346893  -0.111302
0.955  -0.449035  -0.338771  -0.110264
0.965  -0.443675  -0.334387  -0.109288
0.975  -0.440568  -0.332238  -0.10833
0.985  -0.436037  -0.328626  -0.107411
0.995  -0.431548  -0.325367  -0.106181
1.005  -0.428283  -0.323128  -0.105155
1.015  -0.42617  -0.32207  -0.1041
1.025  -0.427312  -0.323891  -0.103421
1.035  -0.425312  -0.322332  -0.10298
1.045  -0.421711  -0.318906  -0.102805
1.055  -0.414986  -0.312864  -0.102123
1.065  -0.413034  -0.311719  -0.101314
1.075  -0.417152  -0.316432  -0.100721
1.085  -0.416903  -0.317061  -0.0998421
1.095  -0.411696  -0.312561  -0.0991349
1.105  -0.407631  -0.309437  -0.098194
1.115  -0.40703  -0.309495  -0.0975355
1.125  -0.410078  -0.313243  -0.0968355
1.135  -0.408163  -0.31201  -0.0961524
1.145  -0.399411  -0.303852  -0.0955592
1.155  -0.397588  -0.302925  -0.094664
1.165  -0.395807  -0.301638  -0.0941692
1.175  -0.398158  -0.304538  -0.0936201
1.185  -0.396018  -0.303055  -0.0929628
1.195  -0.393605  -0.301334  -0.0922712
1.205  -0.392472  -0.301222  -0.0912503
1.215  -0.393681  -0.303295  -0.090386
1.225  -0.390355  -0.300587  -0.0897674
1.235  -0.389398  -0.299994  -0.0894039
1.245  -0.392704  -0.303726  -0.0889787
1.255  -0.391622  -0.303272  -0.0883494
1.265  -0.389696  -0.301553  -0.0881434
1.275  -0.386558  -0.299073  -0.0874851
1.285  -0.38803  -0.300805  -0.0872244
1.295  -0.390353  -0.303294  -0.0870592
1.305  -0.3888  -0.30234  -0.0864598
1.315  -0.384373  -0.298804  -0.0855694
1.325  -0.385799  -0.300732  -0.085067
1.335  -0.382975  -0.299021  -0.0839538
1.345  -0.381129  -0.297865  -0.083264
1.355  -0.379176  -0.295997  -0.0831791
1.365  -0.37902  -0.296209  -0.0828108
1.375  -0.37931  -0.296811  -0.0824993
1.385  -0.378938  -0.296825  -0.0821133
1.395  -0.380379  -0.298896  -0.0814829
1.405  -0.380657  -0.299342  -0.0813146
1.415  -0.378624  -0.297791  -0.0808323
1.425  -0.378492  -0.298248  -0.0802444
1.435  -0.38133  -0.301457  -0.079873
1.445  -0.380903  -0.301184  -0.0797188
1.455  -0.383577  -0.304576  -0.0790017
1.465  -0.38301  -0.30434  -0.07867
1.475  -0.380137  -0.30224  -0.0778964
1.485  -0.380787  -0.303448  -0.0773386
1.495  -0.380355  -0.303281  -0.0770736
1.505  -0.380598  -0.304221  -0.0763773
1.515  -0.382165  -0.306225  -0.0759394
1.525  -0.38149  -0.306072  -0.0754178
1.535  -0.382432  -0.307558  -0.0748747
1.545  -0.384126  -0.309522  -0.0746036
1.555  -0.387743  -0.313548  -0.0741951
1.565  -0.39168  -0.317662  -0.0740173
1.575  -0.393455  -0.319379  -0.0740765
1.585  -0.391704  -0.318049  -0.0736558
1.595  -0.388701  -0.315846  -0.0728541
1.605  -0.392001  -0.319395  -0.0726055
1.615  -0.391894  -0.319736  -0.0721574
1.625  -0.392853  -0.321229  -0.0716239
1.635  -0.393703  -0.322414  -0.0712895
1.645  -0.395985  -0.324954  -0.071031
1.655  -0.401  -0.330394  -0.0706058
1.665  -0.403101  -0.332824  -0.0702774
1.675  -0.400846  -0.331188  -0.069658
1.685  -0.399503  -0.330274  -0.0692286
1.695  -0.404778  -0.336049  -0.0687281
1.705  -0.408697  -0.340328  -0.0683692
1.715  -0.405232  -0.337365  -0.0678678
1.725  -0.403431  -0.335797  -0.0676344
1.735  -0.405078  -0.337703  -0.0673753
1.745  -0.398178  -0.330967  -0.0672106
1.755  -0.393074  -0.326288  -0.0667854
1.765  -0.388509  -0.322468  -0.0660407
1.775  -0.382298  -0.316664  -0.0656344
1.785  -0.373413  -0.308249  -0.0651643
1.795  -0.36167  -0.296862  -0.0648074
1.805  -0.350919  -0.286441  -0.0644781
1.815  -0.346059  -0.281651  -0.0644076
1.825  -0.339032  -0.274959  -0.0640729
1.835  -0.332919  -0.269218  -0.0637013
1.845  -0.331698  -0.26832  -0.0633784
1.855  -0.324227  -0.261456  -0.062771
1.865  -0.313819  -0.251383  -0.0624352
1.875  -0.304063  -0.241867  -0.0621957
1.885  -0.302763  -0.240921  -0.0618415
1.895  -0.301421  -0.239924  -0.0614968
1.905  -0.297564  -0.236355  -0.0612093
1.915  -0.294948  -0.233978  -0.0609694
1.925  -0.292485  -0.231571  -0.0609139
1.935  -0.288546  -0.227879  -0.0606666
1.945  -0.291575  -0.23095  -0.0606247
1.955  -0.290038  -0.229615  -0.0604226
1.965  -0.288658  -0.228569  -0.0600893
1.975  -0.288542  -0.228854  -0.059688
1.985  -0.28717  -0.227626  -0.0595438
1.995  -0.283972  -0.224853  -0.0591187
2.005  -0.280225  -0.22166  -0.0585656
2.015  -0.278673  -0.220416  -0.058257
2.025  -0.274801  -0.216701  -0.0580999
2.035  -0.268922  -0.211123  -0.0577988
2.045  -0.262757  -0.205177  -0.0575796
2.055  -0.254999  -0.197521  -0.0574785
2.065  -0.248329  -0.191187  -0.0571422
2.075  -0.238347  -0.181581  -0.0567659
2.085  -0.230046  -0.173483  -0.0565624
2.095  -0.22311  -0.166812  -0.0562979
2.105  -0.212251  -0.156326  -0.0559247
2.115  -0.19654  -0.140907  -0.0556335
2.125  -0.185743  -0.130583  -0.0551603
2.135  -0.172763  -0.11807  -0.0546926
2.145  -0.158347  -0.103869  -0.0544779
2.155  -0.149112  -0.0947726  -0.0543391
2.165  -0.137463  -0.0836105  -0.0538521
2.175  -0.124539  -0.0708813  -0.0536573
2.185  -0.113453  -0.0602167  -0.053236
2.195  -0.104467  -0.0514945  -0.0529725
2.205  -0.0963505  -0.043542  -0.0528085
2.215  -0.0902167  -0.0378128  -0.0524039
2.225  -0.084668  -0.032654  -0.0520141
2.235  -0.0787266  -0.0267833  -0.0519433
2.245  -0.0724259  -0.0204512  -0.0519747
2.255  -0.0672328  -0.0153889  -0.0518439
2.265  -0.0634263  -0.011957  -0.0514693
2.275  -0.0596508  -0.00834367  -0.0513072
2.285  -0.0570262  -0.00585666  -0.0511695
2.295  -0.0554392  -0.00437615  -0.0510631
2.305  -0.0547667  -0.00396177  -0.0508049
2.315  -0.0535462  -0.00298676  -0.0505594
2.325  -0.0520304  -0.00176574  -0.0502647
2.335  -0.0506079  -0.000801258  -0.0498067
2.345  -0.0500633  -0.000746282  -0.049317
2.355  -0.0493134  -0.000458713  -0.0488546
2.365  -0.049131  -0.000557517  -0.0485735
2.375  -0.0484635  -0.000445783  -0.0480177
2.385  -0.0479078  -0.000190461  -0.0477173
2.395  -0.0477656  -0.000142848  -0.0476227
2.405  -0.0477049  -0.000237449  -0.0474675
2.415  -0.0476477  -0.000269301  -0.0473784
2.425  -0.0475357  -7.79777e-05  -0.0474577
2.435  -0.0473006  0  -0.0473006
2.445  -0.0472147  0  -0.0472147
2.455  -0.0466964  0  -0.0466964
2.465  -0.0463904  0  -0.0463904
2.475  -0.046109  0  -0.046109
2.485  -0.0456434  0  -0.0456434
2.495  -0.0452091  0  -0.0452091
2.505  -0.0450104  0  -0.0450104
2.515  -0.0450521  0  -0.0450521
2.525  -0.0446944  0  -0.0446944
2.535  -0.0445305  0  -0.0445305
2.545  -0.0444658  0  -0.0444658
2.555  -0.0443767  0  -0.0443767
2.565  -0.0441744  0  -0.0441744
2.575  -0.0440296  0  -0.0440296
2.585  -0.0440333  0  -0.0440333
2.595  -0.0438265  0  -0.0438265
2.605  -0.043617  0  -0.043617
2.615  -0.0432523  0  -0.0432523
2.625  -0.0427725  0  -0.0427725
2.635  -0.0423791  0  -0.0423791
2.645  -0.0421285  0  -0.0421285
2.655  -0.0417801  0  -0.0417801
2.665  -0.0415359  0  -0.0415359
2.675  -0.0413452  0  -0.0413452
2.685  -0.0413371  0  -0.0413371
2.695  -0.0412678  0  -0.0412678
2.705  -0.0410269  0  -0.0410269
2.715  -0.0407064  0  -0.0407064
2.725  -0.040269  0  -0.040269
2.735  -0.0399931  0  -0.0399931
2.745  -0.0397089  0  -0.0397089
2.755  -0.0392519  0  -0.0392519
2.765  -0.0390293  0  -0.0390293
2.775  -0.0388476  0  -0.0388476
2.785  -0.0386081  0  -0.0386081
2.795  -0.0385302  0  -0.0385302
2.805  -0.0384403  0  -0.0384403
2.815  -0.0382624  0  -0.0382624
2.825  -0.0380619  0  -0.0380619
2.835  -0.0378129  0  -0.0378129
2.845  -0.0375884  0  -0.0375884
2.855  -0.0371289  0  -0.0371289
2.865  -0.0369105  0  -0.0369105
2.875  -0.036852  0  -0.036852
2.885  -0.0366505  0  -0.0366505
2.895  -0.0366374  0  -0.0366374
2.905  -0.0364166  0  -0.0364166
2.915  -0.0362728  0  -0.0362728
2.925  -0.0359002  0  -0.0359002
2.935  -0.0355764  0  -0.0355764
2.945  -0.0351457  0  -0.0351457
2.955  -0.0347238  0  -0.0347238
2.965  -0.0344689  0  -0.0344689
2.975  -0.0342618  0  -0.0342618
2.985  -0.0340932  0  -0.0340932
2.995  -0.0339826  0  -0.0339826
3.005  -0.0338492  0  -0.0338492
3.015  -0.0336116  0  -0.0336116
3.025  -0.03335  0  -0.03335
3.035  -0.0331526  0  -0.0331526
3.045  -0.0329514  0  -0.0329514
3.055  -0.0326658  0  -0.0326658
3.065  -0.0323011  0  -0.0323011
3.075  -0.0319645  0  -0.0319645
3.085  -0.031656  0  -0.031656
3.095  -0.031422  0  -0.031422
3.105  -0.0311672  0  -0.0311672
3.115  -0.0310287  0  -0.0310287
3.125  -0.0307186  0  -0.0307186
3.135  -0.0305661  0  -0.0305661
3.145  -0.0304447  0  -0.0304447
3.155  -0.0301478  0  -0.0301478
3.165  -0.0298542  0  -0.0298542
3.175  -0.0296807  0  -0.0296807
3.185  -0.0294651  0  -0.0294651
3.195  -0.029307  0  -0.029307
3.205  -0.0290439  0  -0.0290439
3.215  -0.0287649  0  -0.0287649
3.225  -0.0286991  0  -0.0286991
3.235  -0.0285312  0  -0.0285312
3.245  -0.0283734  0  -0.0283734
3.255  -0.0283661  0  -0.0283661
3.265  -0.0282487  0  -0.0282487
3.275  -0.0280419  0  -0.0280419
3.285  -0.0278487  0  -0.0278487
3.295  -0.0274808  0  -0.0274808
3.305  -0.0273121  0  -0.0273121
3.315  -0.0270335  0  -0.0270335
3.325  -0.0269004  0  -0.0269004
3.335  -0.0269163  0  -0.0269163
3.345  -0.0267925  0  -0.0267925
3.355  -0.0265937  0  -0.0265937
3.365  -0.0263553  0  -0.0263553
3.375  -0.0260926  0  -0.0260926
3.385  -0.025929  0  -0.025929
3.395  -0.0256007  0  -0.0256007
3.405  -0.0254867  0  -0.0254867
3.415  -0.0252709  0  -0.0252709
3.425  -0.025279  0  -0.025279
3.435  -0.0252855  0  -0.0252855
3.445  -0.0252118  0  -0.0252118
3.455  -0.0250685  0  -0.0250685
3.465  -0.0250988  0  -0.0250988
3.475  -0.0250812  0  -0.0250812
3.485  -0.0249866  0  -0.0249866
3.495  -0.0246199  0  -0.0246199
3.505  -0.0243891  0  -0.0243891
3.515  -0.0242443  0  -0.0242443
3.525  -0.0238961  0  -0.0238961
3.535  -0.0235757  0  -0.0235757
3.545  -0.0232512  0  -0.0232512
3.555  -0.0230841  0  -0.0230841
3.565  -0.0231191  0  -0.0231191
3.575  -0.0230235  0  -0.0230235
3.585  -0.02288  0  -0.02288
3.595  -0.0227058  0  -0.0227058
3.605  -0.0226  0  -0.0226
3.615  -0.0225507  0  -0.0225507
3.625  -0.0223986  0  -0.0223986
3.635  -0.0222982  0  -0.0222982
3.645  -0.0222481  0  -0.0222481
3.655  -0.022171  0  -0.022171
3.665  -0.0220135  0  -0.0220135
3.675  -0.0217929  0  -0.0217929
3.685  -0.0216071  0  -0.0216071
3.695  -0.0214428  0  -0.0214428
3.705  -0.0211417  0  -0.0211417
3.715  -0.0209653  0  -0.0209653
3.725  -0.0207781  0  -0.0207781
3.735  -0.0206464  0  -0.0206464
3.745  -0.0205005  0  -0.0205005
3.755  -0.0203354  0  -0.0203354
3.765  -0.0202356  0  -0.0202356
3.775  -0.020084  0  -0.020084
3.785  -0.0197312  0  -0.0197312
3.795  -0.0195331  0  -0.0195331
3.805  -0.0193721  0  -0.0193721
3.815  -0.0190169  0  -0.0190169
3.825  -0.0188082  0  -0.0188082
3.835  -0.0186183  0  -0.0186183
3.845  -0.0184569  0  -0.0184569
3.855  -0.0185036  0  -0.0185036
3.865  -0.0183197  0  -0.0183197
3.875  -0.0180888  0  -0.0180888
3.885  -0.017915  0  -0.017915
3.895  -0.0177715  0  -0.0177715
3.905  -0.0176238  0  -0.0176238
3.915  -0.0174669  0  -0.0174669
3.925  -0.0173491  0  -0.0173491
3.935  -0.0171966  0  -0.0171966
3.945  -0.0170148  0  -0.0170148
3.955  -0.0167899  0  -0.0167899
3.965  -0.0167312  0  -0.0167312
3.975  -0.0164948  0  -0.0164948
3.985  -0.016367  0  -0.016367
3.995  -0.0161446  0  -0.0161446
4.005  -0.0158537  0  -0.0158537
4.015  -0.0156488  0  -0.0156488
4.025  -0.0154903  0  -0.0154903
4.035  -0.0150755  0  -0.0150755
4.045  -0.0148074  0  -0.0148074
4.055  -0.0145675  0  -0.0145675
4.065  -0.0145218  0  -0.0145218
4.075  -0.014326  0  -0.014326
4.085  -0.0140622  0  -0.0140622
4.095  -0.0139428  0  -0.0139428
4.105  -0.0139141  0  -0.0139141
4.115  -0.0139081  0  -0.0139081
4.125  -0.0137078  0  -0.0137078
4.135  -0.0135117  0  -0.0135117
4.145  -0.013336  0  -0.013336
4.155  -0.0132062  0  -0.0132062
4.165  -0.0130067  0  -0.0130067
4.175  -0.0127565  0  -0.0127565
4.185  -0.012628  0  -0.012628
4.195  -0.0125924  0  -0.0125924
4.205  -0.0124753  0  -0.0124753
4.215  -0.0123344  0  -0.0123344
4.225  -0.012108  0  -0.012108
4.235  -0.0121274  0  -0.0121274
4.245  -0.0120422  0  -0.0120422
4.255  -0.0119158  0  -0.0119158
4.265  -0.0118117  0  -0.0118117
4.275  -0.0116356  0  -0.0116356
4.285  -0.0115531  0  -0.0115531
4.295  -0.0114387  0  -0.0114387
4.305  -0.0112393  0  -0.0112393
4.315  -0.011061  0  -0.011061
4.325  -0.0110567  0  -0.0110567
4.335  -0.010801  0  -0.010801
4.345  -0.0107532  0  -0.0107532
4.355  -0.0106464  0  -0.0106464
4.365  -0.0105216  0  -0.0105216
4.375  -0.0105162  0  -0.0105162
4.385  -0.0104343  0  -0.0104343
4.395  -0.0100917  0  -0.0100917
4.405  -0.0098054  0  -0.0098054
4.415  -0.00977382  0  -0.00977382
4.425  -0.00962921  0  -0.00962921
4.435  -0.00947299  0  -0.00947299
4.445  -0.00929212  0  -0.00929212
4.455  -0.0091664  0  -0.0091664
4.465  -0.00909103  0  -0.00909103
4.475  -0.00893561  0  -0.00893561
4.485  -0.00884362  0  -0.00884362
4.495  -0.00862098  0  -0.00862098
4.505  -0.00855699  0  -0.00855699
4.515  -0.00842391  0  -0.00842391
4.525  -0.00833537  0  -0.00833537
4.535  -0.00830346  0  -0.00830346
4.545  -0.00824785  0  -0.00824785
4.555  -0.00816671  0  -0.00816671
4.565  -0.00810964  0  -0.00810964
4.575  -0.00794189  0  -0.00794189
4.585  -0.00771937  0  -0.00771937
4.595  -0.00754158  0  -0.00754158
4.605  -0.007296  0  -0.007296
4.615  -0.00732614  0  -0.00732614
4.625  -0.00718015  0  -0.00718015
4.635  -0.0069824  0  -0.0069824
4.645  -0.00675692  0  -0.00675692
4.655  -0.00655319  0  -0.00655319
4.665  -0.00649246  0  -0.00649246
4.675  -0.00631766  0  -0.00631766
4.685  -0.00606801  0  -0.00606801
4.695  -0.00584492  0  -0.00584492
4.705  -0.00584017  0  -0.00584017
4.715  -0.0056233  0  -0.0056233
4.725  -0.00543673  0  -0.00543673
4.735  -0.00530052  0  -0.00530052
4.745  -0.0051211  0  -0.0051211
4.755  -0.00493772  0  -0.00493772
4.765  -0.00483506  0  -0.00483506
4.775  -0.00462354  0  -0.00462354
4.785  -0.00438643  0  -0.00438643
4.795  -0.00422844  0  -0.00422844
4.805  -0.00396749  0  -0.00396749
4.815  -0.00379677  0  -0.00379677
4.825  -0.00362357  0  -0.00362357
4.835  -0.00343384  0  -0.00343384
4.845  -0.00321731  0  -0.00321731
4.855  -0.00309217  0  -0.00309217
4.865  -0.00288947  0  -0.00288947
4.875  -0.00272819  0  -0.00272819
4.885  -0.00255601  0  -0.00255601
4.895  -0.00237446  0  -0.00237446
4.905  -0.00229152  0  -0.00229152
4.915  -0.00220067  0  -0.00220067
4.925  -0.00211927  0  -0.00211927
4.935  -0.00203065  0  -0.00203065
4.945  -0.00192168  0  -0.00192168
4.955  -0.00182078  0  -0.00182078
4.965  -0.00175371  0  -0.00175371
4.975  -0.00169216  0  -0.00169216
4.985  -0.00151528  0  -0.00151528
4.995  -0.00135132  0  -0.00135132
5.005  -0.00132589  0  -0.00132589
5.015  -0.00123724  0  -0.00123724
5.025  -0.00121058  0  -0.00121058
5.035  -0.00120259  0  -0.00120259
5.045  -0.000993473  0  -0.000993473
5.055  -0.00087495  0  -0.00087495
5.065  -0.000824836  0  -0.000824836
5.075  -0.000755593  0  -0.000755593
5.085  -0.000704086  0  -0.000704086
5.095  -0.000687651  0  -0.000687651
5.105  -0.000644065  0  -0.000644065
5.115  -0.000610411  0  -0.000610411
5.125  -0.000564709  0  -0.000564709
5.135  -0.000555024  0  -0.000555024
5.145  -0.000512413  0  -0.000512413
5.155  -0.000440332  0  -0.000440332
5.165  -0.000391403  0  -0.000391403
5.175  -0.000371526  0  -0.000371526
5.185  -0.000338153  0  -0.000338153
5.195  -0.000303992  0  -0.000303992
5.205  -0.000290181  0  -0.000290181
5.215  -0.000248162  0  -0.000248162
5.225  -0.000218523  0  -0.000218523
5.235  -0.000183514  0  -0.000183514
5.245  -0.000163718  0  -0.000163718
5.255  -0.000142698  0  -0.000142698
5.265  -0.000123546  0  -0.000123546
5.275  -9.2991e-05  0  -9.2991e-05
5.285  -6.80856e-05  0  -6.80856e-05
5.295  -4.02675e-05  0  -4.02675e-05
5.305  -2.90739e-05  0  -2.90739e-05
5.315  -1.93533e-05  0  -1.93533e-05
5.325  -2.45348e-05  0  -2.45348e-05
5.335  -8.7457e-06  0  -8.7457e-06
5.345  -4.51333e-06  0  -4.51333e-06
5.355  -1.2609e-05  0  -1.2609e-05
5.365  -1.87758e-05  0  -1.87758e-05
5.375  -1.87567e-05  0  -1.87567e-05
5.385  -8.97175e-06  0  -8.97175e-06
5.395  0  0  0
5.405  0  0  0
5.415  0  0  0
5.425  0  0  0
5.435  0  0  0
5.445  0  0  0
5.455  0  0  0
5.465  0  0  0
5.475  0  0  0
5.485  0  0  0
5.495  0  0  0
5.505  0  0  0
5.515  0  0  0
5.525  0  0  0
5.535  0  0  0
5.545  0  0  0
5.555  0  0  0
5.565  0  0  0
5.575  0  0  0
5.585  0  0  0
5.595  0  0  0
5.605  0  0  0
5.615  0  0  0
5.625  0  0  0
5.635  0  0  0
5.645  0  0  0
5.655  0  0  0
5.665  0  0  0
5.675  0  0  0
5.685  0  0  0
5.695  0  0  0
5.705  0  0  0
5.715  0  0  0
5.725  0  0  0
5.735  0  0  0
5.745  0  0  0
5.755  0  0  0
5.765  0  0  0
5.775  0  0  0
5.785  0  0  0
5.795  0  0  0
5.805  0  0  0
5.815  0  0  0
5.825  0  0  0
5.835  0  0  0
5.845  0  0  0
5.855  0  0  0
5.865  0  0  0
5.875  0  0  0
5.885  0  0  0
5.895  0  0  0
5.905  0  0  0
5.915  0  0  0
5.925  0  0  0
5.935  0  0  0
5.945  0  0  0
5.955  0  0  0
5.965  0  0  0
5.975  0  0  0
5.985  0  0  0
5.995  0  0  0
6.005  0  0  0
6.015  0  0  0
6.025  0  0  0
6.035  0  0  0
6.045  0  0  0
6.055  0  0  0
6.065  0  0  0
6.075  0  0  0
6.085  0  0  0
6.095  0  0  0
6.105  0  0  0
6.115  0  0  0
6.125  0  0  0
6.135  0  0  0
6.145  0  0  0
6.155  0  0  0
6.165  0  0  0
6.175  0  0  0
6.185  0  0  0
6.195  0  0  0
6.205  0  0  0
6.215  0  0  0
6.225  0  0  0
6.235  0  0  0
6.245  0  0  0
6.255  0  0  0
6.265  0  0  0
6.275  0  0  0
6.285  0  0  0
6.295  0  0  0
6.305  0  0  0
6.315  0  0  0
6.325  0  0  0
6.335  0  0  0
6.345  0  0  0
6.355  0  0  0
6.365  0  0  0
6.375  0  0  0
6.385  0  0  0
6.395  0  0  0
6.405  0  0  0
6.415  0  0  0
6.425  0  0  0
6.435  0  0  0
6.445  0  0  0
6.455  0  0  0
6.465  0  0  0
6.475  0  0  0
6.485  0  0  0
6.495  0  0  0
6.505  0  0  0
6.515  0  0  0
6.525  0  0  0
6.535  0  0  0
6.545  0  0  0
6.555  0  0  0
6.565  0  0  0
6.575  0  0  0
6.585  0  0  0
6.595  0  0  0
6.605  0  0  0
6.615  0  0  0
6.625  0  0  0
6.635  0  0  0
6.645  0  0  0
6.655  0  0  0
6.665  0  0  0
6.675  0  0  0
6.685  0  0  0
6.695  0  0  0
6.705  0  0  0
6.715  0  0  0
6.725  0  0  0
6.735  0  0  0
6.745  0  0  0
6.755  0  0  0
6.765  0  0  0
6.775  0  0  0
6.785  0  0  0
6.795  0  0  0
6.805  0  0  0
6.815  0  0  0
6.825  0  0  0
6.835  0  0  0
6.845  0  0  0
6.855  0  0  0
6.865  0  0  0
6.875  0  0  0
6.885  0  0  0
6.895  0  0  0
6.905  0  0  0
6.915  0  0  0
6.925  0  0  0
6.935  0  0  0
6.945  0  0  0
6.955  0  0  0
6.965  0  0  0
6.975  0  0  0
6.985  0  0  0
6.995  0  0  0
7.005  0  0  0
7.015  0  0  0
7.025  0  0  0
7.035  0  0  0
7.045  0  0  0
7.055  0  0  0
7.065  0  0  0
7.075  0  0  0
7.085  0  0  0
7.095  0  0  0
7.105  0  0  0
7.115  0  0  0
7.125  0  0  0
7.135  0  0  0
7.145  0  0  0
7.155  0  0  0
7.165  0  0  0
7.175  0  0  0
7.185  0  0  0
7.195  0  0  0
7.205  0  0  0
7.215  0  0  0
7.225  0  0  0
7.235  0  0  0
7.245  0  0  0
7.255  0  0  0
7.265  0  0  0
7.275  0  0  0
7.285  0  0  0
7.295  0  0  0
7.305  0  0  0
7.315  0  0  0
7.325  0  0  0
7.335  0  0  0
7.345  0  0  0
7.355  0  0  0
7.365  0  0  0
7.375  0  0  0
7.385  0  0  0
7.395  0  0  0
7.405  0  0  0
7.415  0  0  0
7.425  0  0  0
7.435  0  0  0
7.445  0  0  0
7.455  0  0  0
7.465  0  0  0
7.475  0  0  0
7.485  0  0  0
7.495  0  0  0
7.505  0  0  0
7.515  0  0  0
7.525  0  0  0
7.535  0  0  0
7.545  0  0  0
7.555  0  0  0
7.565  0  0  0
7.575  0  0  0
7.585  0  0  0
7.595  0  0  0
7.605  0  0  0
7.615  0  0  0
7.625  0  0  0
7.635  0  0  0
7.645  0  0  0
7.655  0  0  0
7.665  0  0  0
7.675  0  0  0
7.685  0  0  0
7.695  0  0  0
7.705  0  0  0
7.715  0  0  0
7.725  0  0  0
7.735  0  0  0
7.745  0  0  0
7.755  0  0  0
7.765  0  0  0
7.775  0  0  0
7.785  0  0  0
7.795  0  0  0
7.805  0  0  0
7.815  0  0  0
7.825  0  0  0
7.835  0  0  0
7.845  0  0  0
7.855  0  0  0
7.865  0  0  0
7.875  0  0  0
7.885  0  0  0
7.895  0  0  0
7.905  0  0  0
7.915  0  0  0
7.925  0  0  0
7.935  0  0  0
7.945  0  0  0
7.955  0  0  0
7.965  0  0  0
7.975  0  0  0
7.985  0  0  0
7.995  0  0  0
8.005  0  0  0
8.015  0  0  0
8.025  0  0  0
8.035  0  0  0
8.045  0  0  0
8.055  0  0  0
8.065  0  0  0
8.075  0  0  0
8.085  0  0  0
8.095  0  0  0
8.105  0  0  0
8.115  0  0  0
8.125  0  0  0
8.135  0  0  0
8.145  0  0  0
8.155  0  0  0
8.165  0  0  0
8.175  0  0  0
8.185  0  0  0
8.195  0  0  0
8.205  0  0  0
8.215  0  0  0
8.225  0  0  0
8.235  0  0  0
8.245  0  0  0
8.255  0  0  0
8.265  0  0  0
8.275  0  0  0
8.285  0  0  0
8.295  0  0  0
8.305  0  0  0
8.315  0  0  0
8.325  0  0  0
8.335  0  0  0
8.345  0  0  0
8.355  0  0  0
8.365  0  0  0
8.375  0  0  0
8.385  0  0  0
8.395  0  0  0
8.405  0  0  0
8.415  0  0  0
8.425  0  0  0
8.435  0  0  0
8.445  0  0  0
8.455  0  0  0
8.465  0  0  0
8.475  0  0  0
8.485  0  0  0
8.495  0  0  0
8.505  0  0  0
8.515  0  0  0
8.525  0  0  0
8.535  0  0  0
8.545  0  0  0
8.555  0  0  0
8.565  0  0  0
8.575  0  0  0
8.585  0  0  0
8.595  0  0  0
8.605  0  0  0
8.615  0  0  0
8.625  0  0  0
8.635  0  0  0
8.645  0  0  0
8.655  0  0  0
8.665  0  0  0
8.675  0  0  0
8.685  0  0  0
8.695  0  0  0
8.705  0  0  0
8.715  0  0  0
8.725  0  0  0
8.735  0  0  0
8.745  0  0  0
8.755  0  0  0
8.765  0  0  0
8.775  0  0  0
8.785  0  0  0
8.795  0  0  0
8.805  0  0  0
8.815  0  0  0
8.825  0  0  0
8.835  0  0  0
8.845  0  0  0
8.855  0  0  0
8.865  0  0  0
8.875  0  0  0
8.885  0  0  0
8.895  0  0  0
8.905  0  0  0
8.915  0  0  0
8.925  0  0  0
8.935  0  0  0
8.945  0  0  0
8.955  0  0  0
8.965  0  0  0
8.975  0  0  0
8.985  0  0  0
8.995  0  0  0
9.005  0  0  0
9.015  0  0  0
9.025  0  0  0
9.035  0  0  0
9.045  0  0  0
9.055  0  0  0
9.065  0  0  0
9.075  0  0  0
9.085  0  0  0
9.095  0  0  0
9.105  0  0  0
9.115  0  0  0
9.125  0  0  0
9.135  0  0  0
9.145  0  0  0
9.155  0  0  0
9.165  0  0  0
9.175  0  0  0
9.185  0  0  0
9.195  0  0  0
9.205  0  0  0
9.215  0  0  0
9.225  0  0  0
9.235  0  0  0
9.245  0  0  0
9.255  0  0  0
9.265  0  0  0
9.275  0  0  0
9.285  0  0  0
9.295  0  0  0
9.305  0  0  0
9.315  0  0  0
9.325  0  0  0
9.335  0  0  0
9.345  0  0  0
9.355  0  0  0
9.365  0  0  0
9.375  0  0  0
9.385  0  0  0
9.395  0  0  0
9.405  0  0  0
9.415  0  0  0
9.425  0  0  0
9.435  0  0  0
9.445  0  0  0
9.455  0  0  0
9.465  0  0  0
9.475  0  0  0
9.485  0  0  0
9.495  0  0  0
9.505  0  0  0
9.515  0  0  0
9.525  0  0  0
9.535  0  0  0
9.545  0  0  0
9.555  0  0  0
9.565  0  0  0
9.575  0  0  0
9.585  0  0  0
9.595  0  0  0
9.605  0  0  0
9.615  0  0  0
9.625  0  0  0
9.635  0  0  0
9.645  0  0  0
9.655  0  0  0
9.665  0  0  0
9.675  0  0  0
9.685  0  0  0
9.695  0  0  0
9.705  0  0  0
9.715  0  0  0
9.725  0  0  0
9.735  0  0  0
9.745  0  0  0
9.755  0  0  0
9.765  0  0  0
9.775  0  0  0
9.785  0  0  0
9.795  0  0  0
9.805  0  0  0
9.815  0  0  0
9.825  0  0  0
9.835  0  0  0
9.845  0  0  0
9.855  0  0  0
9.865  0  0  0
9.875  0  0  0
9.885  0  0  0
9.895  0  0  0
9.905  0  0  0
9.915  0  0  0
9.925  0  0  0
9.935  0  0  0
9.945  0  0  0
9.955  0  0  0
9.965  0  0  0
9.975  0  0  0
9.985  0  0  0
9.995  0  0  0
